14142	07 12 19 20 21 24 26 18	129	8,830,200	0	2014-12-03
14141	04 05 12 19 22 24 29 15	115	7,829,188	0	2014-12-01
14140	10 12 19 21 24 26 28 23	140	9,182,108	0	2014-11-28
14139	02 05 10 21 23 24 25 04	110	7,519,162	0	2014-11-26
14138	06 08 15 17 18 21 22 20	107	7,714,150	0	2014-11-24
14137	02 04 05 06 07 11 12 19	47	9,246,042	0	2014-11-21
14136	02 14 16 19 25 27 29 07	132	7,569,020	0	2014-11-19
14135	05 11 16 19 20 22 23 06	116	9,660,496	0	2014-11-17
14134	05 12 18 20 21 23 30 01	129	9,213,280	2,263,424	2014-11-14
14133	03 04 09 10 12 16 22 11	76	7,387,174	0	2014-11-12
14132	03 04 06 09 12 22 30 25	86	7,816,122	0	2014-11-10
14131	06 08 10 22 23 24 26 21	119	10,762,478	0	2014-11-07
14130	03 06 10 15 17 19 25 29	95	7,079,808	1,694,077	2014-11-05
14129	02 04 06 08 09 10 11 21	50	8,041,012	0	2014-11-03
14128	02 03 08 10 24 27 28 01	102	10,727,338	0	2014-10-31
14127	05 07 10 18 19 21 27 28	107	7,482,530	1,739,051	2014-10-29
14126	02 10 11 18 19 21 25 26	106	7,841,430	0	2014-10-27
14125	01 09 20 21 22 23 29 15	125	9,444,126	0	2014-10-24
14124	01 14 21 23 24 26 28 05	137	7,717,604	0	2014-10-22
14123	06 10 11 19 23 24 28 14	121	8,037,472	0	2014-10-20
14122	01 04 06 12 17 27 29 16	96	9,622,140	0	2014-10-17
14121	02 08 10 21 22 27 29 12	119	7,854,398	0	2014-10-15
14120	02 05 16 17 19 21 25 29	105	8,032,416	0	2014-10-13
14119	01 06 07 10 15 16 20 09	75	9,505,400	0	2014-10-10
14118	07 15 18 21 25 29 30 12	145	7,670,374	0	2014-10-08
14117	05 09 11 12 14 19 28 22	98	7,431,484	0	2014-10-06
14116	01 06 08 10 19 21 27 14	92	8,255,004	0	2014-10-03
14115	06 18 19 20 25 26 27 11	141	8,038,188	0	2014-10-01
14114	02 11 16 17 21 23 29 03	119	7,887,976	1,982,185	2014-09-29
14113	08 09 11 13 17 23 29 24	110	9,255,820	0	2014-09-26
14112	02 04 08 12 15 18 27 03	86	7,597,902	0	2014-09-24
14111	03 05 08 16 21 29 30 22	112	8,055,378	0	2014-09-22
14110	04 05 11 13 18 21 23 10	95	12,720,880	0	2014-09-19
14109	01 03 08 09 15 23 28 25	87	8,433,730	3,675,607	2014-09-17
14108	01 08 13 20 25 28 29 03	124	7,659,562	1,775,613	2014-09-15
14107	03 05 07 09 15 18 25 29	82	9,107,830	0	2014-09-12
14106	12 15 16 20 22 29 30 27	144	7,469,532	0	2014-09-10
14105	01 05 11 12 20 21 22 25	92	8,701,970	0	2014-09-08
14104	05 06 09 11 12 13 19 20	75	9,115,112	2,000,659	2014-09-05
14103	06 17 19 21 22 26 28 10	139	8,720,004	0	2014-09-03
14102	01 09 14 15 16 17 18 21	90	7,776,612	1,858,975	2014-09-01
14101	03 05 09 14 15 25 29 11	100	9,166,228	0	2014-08-29
14100	02 09 11 19 20 24 25 26	110	7,602,002	0	2014-08-27
14099	04 10 11 17 23 25 30 19	120	7,855,756	0	2014-08-25
14098	01 04 11 15 16 22 28 25	97	9,274,844	0	2014-08-22
14097	02 06 08 14 19 20 26 04	95	7,445,754	0	2014-08-20
14096	08 09 16 19 20 21 23 30	116	7,818,596	0	2014-08-18
14095	02 04 05 06 08 16 27 22	68	9,366,996	0	2014-08-15
14094	05 06 08 14 17 21 25 23	96	7,447,944	0	2014-08-13
14093	05 08 09 13 15 18 24 02	92	7,730,904	0	2014-08-11
14092	01 02 03 09 21 24 28 07	88	12,895,460	0	2014-08-08
14091	05 06 07 20 21 24 28 18	111	8,919,578	3,855,397	2014-08-06
14090	06 10 14 16 22 25 30 29	123	7,418,456	1,808,798	2014-08-04
14089	06 09 12 23 24 25 26 27	125	8,832,100	0	2014-08-01
14088	06 11 14 18 19 20 30 16	118	8,672,106	0	2014-07-30
14087	09 13 16 18 24 28 30 25	138	7,591,694	1,756,751	2014-07-28
14086	02 03 04 10 21 29 30 19	99	9,057,394	0	2014-07-25
14085	02 05 07 10 19 26 28 22	97	7,405,770	0	2014-07-23
14084	10 13 17 18 24 25 27 06	134	7,651,784	0	2014-07-21
14083	13 14 16 20 21 25 28 08	137	8,795,584	0	2014-07-18
14082	03 07 09 10 12 18 27 05	86	7,400,634	0	2014-07-16
14081	01 11 14 19 21 24 29 16	119	9,501,686	0	2014-07-14
14080	01 04 17 24 26 27 28 07	127	8,964,838	2,115,379	2014-07-11
14079	08 09 14 16 18 24 25 10	114	7,510,732	0	2014-07-09
14078	02 13 17 20 23 26 27 28	128	7,570,904	0	2014-07-07
14077	14 16 17 19 22 27 30 25	145	8,860,636	0	2014-07-04
14076	07 14 16 22 24 26 28 09	137	7,556,938	0	2014-07-02
14075	02 11 14 17 24 25 28 21	121	7,982,994	0	2014-06-30
14074	02 03 06 08 19 20 27 23	85	9,146,268	0	2014-06-27
14073	03 05 06 08 09 21 23 14	75	7,676,434	0	2014-06-25
14072	01 03 04 08 09 17 21 19	63	8,320,650	0	2014-06-23
14071	06 08 11 16 17 18 22 27	98	11,311,072	0	2014-06-20
14070	04 11 14 22 23 25 27 12	126	7,742,232	1,746,247	2014-06-18
14069	01 09 11 17 19 22 26 21	105	8,323,904	0	2014-06-16
14068	02 09 10 13 15 21 30 05	100	9,216,002	0	2014-06-13
14067	06 18 22 23 25 26 27 04	147	7,775,956	0	2014-06-11
14066	03 10 16 20 21 27 28 12	125	8,151,774	0	2014-06-09
14065	08 10 11 25 27 29 30 13	140	9,364,358	0	2014-06-06
14064	06 07 08 10 14 22 26 21	93	9,214,604	0	2014-06-04
14063	02 09 11 12 14 27 28 13	103	7,540,854	1,634,831	2014-06-02
14062	01 04 14 15 20 28 30 27	112	9,162,216	0	2014-05-30
14061	06 08 11 19 20 22 26 21	112	11,847,290	0	2014-05-28
14060	01 04 11 18 23 25 30 02	112	9,670,708	4,402,491	2014-05-26
14059	03 14 15 16 25 26 27 05	126	9,350,504	2,100,323	2014-05-23
14058	05 09 10 15 23 29 30 20	121	7,720,980	0	2014-05-21
14057	05 08 11 13 21 24 27 30	109	8,253,514	0	2014-05-19
14056	01 07 17 19 22 24 30 02	120	9,651,260	0	2014-05-16
14055	02 05 14 16 21 23 30 03	111	8,131,222	0	2014-05-14
14054	03 07 18 19 23 25 26 04	121	8,545,208	0	2014-05-12
14053	08 17 20 23 24 28 29 12	149	9,792,724	0	2014-05-09
14052	05 13 17 20 21 24 26 22	126	7,923,884	0	2014-05-07
14051	04 06 08 10 13 15 21 29	77	8,543,366	0	2014-05-05
14050	04 07 12 17 22 24 25 21	111	8,881,050	0	2014-05-02
14049	04 05 07 11 12 16 21 29	76	8,245,650	0	2014-04-30
14048	01 03 08 16 23 27 28 18	106	8,894,954	0	2014-04-28
14047	04 11 12 13 18 22 30 02	110	9,933,502	0	2014-04-25
14046	03 08 10 11 14 20 22 28	88	9,988,020	0	2014-04-23
14045	03 09 12 13 14 21 22 16	94	8,725,650	2,159,274	2014-04-21
14044	01 02 08 09 14 17 30 27	81	9,861,224	0	2014-04-18
14043	02 03 08 11 19 22 23 04	88	8,572,098	0	2014-04-16
14042	03 06 11 19 20 23 27 13	109	9,019,702	0	2014-04-14
14041	08 14 15 16 18 19 26 28	116	10,036,400	0	2014-04-11
14040	01 09 16 19 25 28 30 11	128	8,424,596	0	2014-04-09
14039	04 06 08 16 24 25 28 30	111	8,785,554	0	2014-04-07
14038	02 04 05 10 13 21 30 14	85	10,072,770	0	2014-04-04
14037	03 04 08 11 21 26 28 22	101	8,863,884	0	2014-04-02
14036	03 12 14 19 23 24 29 17	124	11,182,074	0	2014-03-31
14035	02 09 13 16 25 29 30 18	124	10,261,288	2,351,048	2014-03-28
14034	04 15 17 18 22 28 29 08	133	8,663,564	0	2014-03-26
14033	04 05 06 10 13 18 28 09	84	9,103,748	0	2014-03-24
14032	01 12 13 15 25 28 30 04	124	10,461,902	0	2014-03-21
14031	04 07 10 15 17 22 25 29	100	8,720,882	0	2014-03-19
14030	03 07 10 19 23 26 30 22	118	9,132,298	0	2014-03-17
14029	05 06 14 24 25 27 29 04	130	12,380,044	0	2014-03-14
14028	08 12 14 18 20 22 29 19	123	8,621,842	2,258,394	2014-03-12
14027	01 08 10 13 20 26 29 09	107	9,234,850	0	2014-03-10
14026	06 13 15 18 19 20 27 11	118	10,507,208	0	2014-03-07
14025	01 02 05 10 12 18 28 25	76	8,878,338	0	2014-03-05
14024	09 10 15 18 19 23 30 26	124	9,163,974	2,414,004	2014-03-03
14023	02 05 06 18 24 27 28 11	110	12,161,690	0	2014-02-28
14022	03 07 08 11 12 15 18 22	74	8,695,030	1,749,005	2014-02-26
14021	01 02 07 14 24 25 28 05	101	9,092,918	0	2014-02-24
14020	01 03 09 13 17 20 26 19	89	11,749,376	0	2014-02-21
14019	04 05 06 17 18 22 28 01	100	8,521,340	1,977,693	2014-02-19
14018	01 06 08 12 25 27 28 23	107	10,907,502	0	2014-02-17
14017	01 11 12 15 24 28 30 07	121	9,848,710	2,414,004	2014-02-14
14016	04 06 07 12 18 19 30 11	96	8,303,714	0	2014-02-12
14015	02 05 15 19 20 23 26 10	110	8,290,544	0	2014-02-10
14014	02 08 21 26 27 28 30 15	142	9,100,742	0	2014-02-07
14013	05 06 09 16 19 21 30 18	106	9,707,464	0	2014-01-29
14012	06 08 15 19 24 26 29 27	127	11,069,736	0	2014-01-27
14011	01 03 10 17 22 29 30 25	112	10,589,004	2,657,222	2014-01-24
14010	01 07 16 19 21 23 27 10	114	8,566,320	0	2014-01-22
14009	01 09 17 18 21 22 25 13	113	9,014,630	0	2014-01-20
14008	02 06 10 14 22 27 30 23	111	9,916,890	0	2014-01-17
14007	01 02 03 04 07 08 11 16	36	8,749,994	0	2014-01-15
14006	06 07 09 10 25 26 28 22	111	9,274,058	0	2014-01-13
14005	05 12 13 21 24 27 28 15	130	10,517,480	0	2014-01-10
14004	07 13 16 19 23 24 27 04	129	8,961,106	0	2014-01-08
14003	03 11 14 16 19 24 27 09	114	9,267,348	0	2014-01-06
14002	01 07 11 16 18 21 28 12	102	10,924,894	0	2014-01-03
14001	03 04 09 18 19 20 27 16	100	8,910,842	0	2014-01-01
13153	05 19 20 22 26 28 30 02	150	9,881,990	0	2013-12-30
13152	01 04 06 11 14 16 24 03	76	10,654,434	0	2013-12-27
13151	12 16 23 25 27 28 29 30	160	9,228,814	0	2013-12-25
13150	03 07 10 13 15 25 30 20	103	9,831,260	0	2013-12-23
13149	01 05 07 11 18 22 25 26	89	10,517,678	0	2013-12-20
13148	02 13 14 20 22 25 28 16	124	8,819,260	0	2013-12-18
13147	03 06 10 12 13 15 29 24	88	8,908,586	0	2013-12-16
13146	01 02 06 07 08 11 20 26	55	10,497,234	0	2013-12-13
13145	02 07 09 15 19 21 28 01	101	8,999,530	0	2013-12-11
13144	04 09 15 17 25 28 30 21	128	11,124,954	0	2013-12-09
13143	01 11 16 17 18 24 27 07	114	10,137,928	2,242,190	2013-12-06
13142	01 02 04 21 22 23 25 05	98	9,059,194	0	2013-12-04
13141	06 09 11 12 14 16 24 03	92	9,464,206	0	2013-12-02
13140	04 06 07 15 23 26 27 10	108	10,431,180	0	2013-11-29
13139	02 05 07 12 15 21 24 27	86	8,788,694	0	2013-11-27
13138	07 09 13 16 17 26 28 05	116	9,146,400	0	2013-11-25
13137	05 07 12 21 27 28 30 16	130	10,379,500	0	2013-11-22
13136	03 05 07 10 14 29 30 16	98	10,381,454	0	2013-11-20
13135	01 03 05 07 19 21 24 22	80	8,943,678	2,296,915	2013-11-18
13134	01 07 08 09 10 26 29 24	90	10,879,826	0	2013-11-15
13133	05 07 10 22 23 24 27 30	118	9,165,824	0	2013-11-13
13132	09 12 16 17 19 23 28 10	124	11,524,154	0	2013-11-11
13131	11 12 15 16 24 25 30 10	133	10,510,144	2,660,423	2013-11-08
13130	08 09 12 15 18 21 28 16	111	9,358,326	0	2013-11-06
13129	04 06 09 11 14 17 27 30	88	9,197,034	0	2013-11-04
13128	07 10 17 24 27 28 29 14	142	12,820,880	0	2013-11-01
13127	02 07 10 11 22 24 27 25	103	8,897,034	2,028,860	2013-10-30
13126	04 09 13 17 21 24 28 25	116	9,260,726	0	2013-10-28
13125	01 04 23 25 27 28 29 03	137	12,919,338	303,787	2013-10-25
13124	02 07 09 13 14 24 28 23	97	9,026,774	2,147,914	2013-10-23
13123	02 06 07 09 11 14 29 18	78	11,283,216	0	2013-10-21
13122	08 09 15 16 20 21 24 10	113	10,391,776	2,447,924	2013-10-18
13121	01 03 06 11 13 16 28 21	78	11,035,676	0	2013-10-16
13120	01 04 09 13 16 19 27 08	89	9,037,942	2,049,580	2013-10-14
13119	05 10 18 21 26 28 29 11	137	10,118,788	0	2013-10-11
13118	03 10 11 12 16 19 30 17	101	10,557,466	0	2013-10-09
13117	02 03 05 16 17 19 25 12	87	8,161,396	2,010,700	2013-10-07
13116	06 07 10 13 16 25 27 23	104	8,948,222	0	2013-10-04
13115	02 06 07 12 13 16 17 22	73	7,285,804	0	2013-10-02
13114	05 06 08 09 10 12 24 29	74	8,864,858	0	2013-09-30
13113	06 10 13 16 25 26 29 21	125	10,292,998	0	2013-09-27
13112	01 03 07 24 26 27 29 13	117	8,397,972	0	2013-09-25
13111	01 02 08 18 19 21 29 26	98	8,741,450	0	2013-09-23
13110	03 05 08 15 16 17 27 09	91	9,082,744	0	2013-09-20
13109	03 04 05 12 14 24 28 01	90	8,194,488	0	2013-09-18
13108	01 08 12 15 24 25 26 04	111	8,499,980	0	2013-09-16
13107	06 12 13 18 23 25 30 22	127	9,366,390	0	2013-09-13
13106	09 17 18 19 26 29 30 25	148	7,997,044	0	2013-09-11
13105	02 07 08 09 12 21 24 04	83	8,850,198	0	2013-09-09
13104	01 03 08 09 12 15 17 07	65	9,675,718	0	2013-09-06
13103	07 09 12 13 16 20 21 05	98	8,707,250	0	2013-09-04
13102	02 08 09 13 14 19 25 28	90	8,732,194	0	2013-09-02
13101	06 10 17 18 19 24 29 21	123	9,668,498	0	2013-08-30
13100	02 09 11 12 22 26 29 07	111	8,466,912	0	2013-08-28
13099	01 02 12 20 22 26 30 10	113	8,799,914	0	2013-08-26
13098	07 08 09 11 14 23 28 05	100	10,032,854	0	2013-08-23
13097	10 11 14 16 18 21 23 22	113	8,501,568	0	2013-08-21
13096	09 15 16 19 20 24 26 10	129	9,090,884	0	2013-08-19
13095	01 07 08 14 26 27 30 10	113	9,919,476	0	2013-08-16
13094	10 12 17 19 20 21 23 30	122	8,784,606	0	2013-08-14
13093	05 07 11 14 22 25 30 15	114	8,805,652	0	2013-08-12
13092	03 06 07 11 17 23 24 15	91	10,064,544	0	2013-08-09
13091	03 04 10 12 15 22 27 29	93	8,342,262	0	2013-08-07
13090	01 04 10 12 17 23 25 19	92	11,033,156	0	2013-08-05
13089	02 04 08 11 13 23 26 30	87	9,571,520	2,212,227	2013-08-02
13088	04 05 06 07 18 20 24 17	84	8,148,640	0	2013-07-31
13087	02 03 13 17 20 28 30 29	113	10,389,966	0	2013-07-29
13086	01 06 07 09 10 25 26 22	84	9,784,332	2,138,921	2013-07-26
13085	02 04 12 13 17 21 26 28	95	8,232,326	0	2013-07-24
13084	02 03 05 08 15 18 26 30	77	8,818,634	0	2013-07-22
13083	02 07 08 20 21 26 28 25	112	9,873,718	0	2013-07-19
13082	10 12 14 18 19 22 28 04	123	8,325,984	0	2013-07-17
13081	04 05 16 22 23 27 28 12	125	8,718,504	0	2013-07-15
13080	09 13 15 20 22 29 30 08	138	9,722,212	0	2013-07-12
13079	01 02 15 17 18 21 22 16	96	12,628,734	0	2013-07-10
13078	13 18 22 24 25 26 29 30	157	10,499,416	4,835,137	2013-07-08
13077	01 04 05 15 24 25 27 08	101	9,793,042	2,341,773	2013-07-05
13076	03 04 12 19 22 23 28 07	111	8,195,424	0	2013-07-03
13075	01 05 09 14 21 23 27 25	100	8,786,246	0	2013-07-01
13074	03 06 07 21 25 28 29 05	119	9,748,534	0	2013-06-28
13073	07 08 11 12 17 18 28 23	101	8,468,796	0	2013-06-26
13072	07 08 11 16 17 24 29 27	112	8,875,438	0	2013-06-24
13071	02 05 07 12 19 28 30 09	103	10,053,052	0	2013-06-21
13070	06 09 10 15 20 23 29 26	112	8,298,730	0	2013-06-19
13069	04 14 15 20 22 26 28 27	129	8,731,338	0	2013-06-17
13068	03 08 09 13 14 17 22 12	86	10,176,370	0	2013-06-14
13067	04 09 11 16 18 24 28 26	110	8,008,190	0	2013-06-12
13066	02 03 05 12 13 26 30 23	91	10,844,976	0	2013-06-10
13065	02 08 21 22 24 27 29 06	133	10,086,428	2,406,879	2013-06-07
13064	01 07 08 12 20 21 25 09	94	10,291,886	0	2013-06-05
13063	04 11 13 16 20 21 23 14	108	8,829,056	2,249,059	2013-06-03
13062	01 08 15 19 25 27 30 06	125	9,584,320	0	2013-05-31
13061	05 11 20 21 22 23 24 10	126	8,857,932	0	2013-05-29
13060	01 06 09 14 16 20 28 25	94	9,031,244	0	2013-05-27
13059	03 07 13 18 23 27 30 06	121	10,344,938	0	2013-05-24
13058	07 09 10 18 20 28 30 21	122	10,375,340	0	2013-05-22
13057	01 03 06 08 11 21 25 28	75	8,799,802	2,151,546	2013-05-20
13056	01 03 07 08 09 15 16 18	59	10,298,430	0	2013-05-17
13055	03 08 14 15 16 22 25 24	103	8,420,600	0	2013-05-15
13054	07 13 14 17 18 26 27 29	122	8,899,834	0	2013-05-13
13053	01 04 07 08 10 24 30 05	84	10,069,834	0	2013-05-10
13052	02 03 10 12 20 23 27 22	97	8,595,006	0	2013-05-08
13051	01 03 06 07 24 25 30 21	96	9,092,440	0	2013-05-06
13050	02 04 06 12 18 23 28 14	93	10,152,128	0	2013-05-03
13049	01 03 10 12 13 15 20 06	74	7,995,852	0	2013-05-01
13048	01 11 17 18 20 21 27 12	115	8,783,974	0	2013-04-29
13047	04 13 17 18 19 23 24 07	118	10,788,852	0	2013-04-26
13046	01 07 12 19 21 27 29 25	116	9,105,260	0	2013-04-24
13045	03 08 13 18 21 25 27 30	115	9,894,380	0	2013-04-22
13044	06 09 14 20 21 22 25 02	117	12,466,492	0	2013-04-19
13043	03 04 12 14 15 19 26 24	93	8,757,774	2,021,739	2013-04-17
13042	06 07 09 10 11 12 19 08	74	9,623,756	0	2013-04-15
13041	01 04 06 10 14 27 30 25	92	10,724,698	0	2013-04-12
13040	02 03 11 12 15 22 24 10	89	11,250,894	0	2013-04-10
13039	02 07 08 09 21 25 30 23	102	9,602,830	2,336,954	2013-04-08
13038	06 07 11 15 16 26 29 02	110	9,848,634	0	2013-04-05
13037	01 07 17 21 23 24 30 13	123	9,119,286	0	2013-04-03
13036	01 05 12 17 20 23 27 09	105	9,608,328	0	2013-04-01
13035	05 09 12 14 19 26 30 21	115	10,750,372	0	2013-03-29
13034	01 04 09 15 16 26 30 11	101	9,263,594	0	2013-03-27
13033	05 11 18 19 22 26 28 04	129	9,727,454	0	2013-03-25
13032	05 07 15 16 22 27 28 25	120	10,671,586	0	2013-03-22
13031	05 06 07 14 16 22 23 21	93	9,152,816	0	2013-03-20
13030	01 04 06 12 14 20 28 13	85	9,780,248	0	2013-03-18
13029	01 02 08 12 15 21 25 20	84	10,755,670	0	2013-03-15
13028	02 03 14 18 24 25 30 26	116	9,323,340	0	2013-03-13
13027	01 05 07 13 18 23 28 10	95	9,572,874	0	2013-03-11
13026	06 09 14 17 20 21 26 12	113	10,293,000	0	2013-03-08
13025	04 07 10 19 26 27 29 16	122	8,806,582	0	2013-03-06
13024	09 10 19 20 21 22 30 28	131	9,366,482	0	2013-03-04
13023	01 10 13 20 24 25 28 02	121	10,185,402	0	2013-03-01
13022	01 03 06 13 24 26 28 11	101	9,018,576	0	2013-02-27
13021	04 06 08 12 22 25 28 17	105	9,263,014	0	2013-02-25
13020	01 02 07 13 23 25 30 22	101	10,150,908	0	2013-02-22
13019	05 18 19 20 24 25 27 14	138	8,703,244	0	2013-02-20
13018	05 12 20 21 24 26 30 25	138	9,325,124	0	2013-02-18
13017	04 08 09 11 14 24 29 10	99	11,396,894	0	2013-02-08
13016	04 05 06 08 22 25 30 14	100	9,402,152	0	2013-02-06
13015	01 05 06 12 18 19 28 09	89	11,859,968	0	2013-02-04
13014	01 12 14 19 25 26 30 03	127	11,186,788	2,673,094	2013-02-01
13013	04 10 19 20 21 23 26 02	123	9,726,626	0	2013-01-30
13012	03 05 08 13 19 22 29 06	99	11,713,070	0	2013-01-28
13011	02 03 07 08 10 16 20 29	66	10,999,094	2,605,526	2013-01-25
13010	01 02 13 14 16 19 26 05	91	9,270,372	0	2013-01-23
13009	08 15 18 19 20 26 29 01	135	9,532,566	0	2013-01-21
13008	02 19 21 23 25 27 28 18	145	10,822,562	0	2013-01-18
13007	01 02 04 05 06 15 26 19	59	9,531,252	0	2013-01-16
13006	01 08 13 16 21 25 29 18	113	9,846,066	0	2013-01-14
13005	03 10 11 20 24 25 28 27	121	11,360,830	0	2013-01-11
13004	02 07 08 14 17 20 25 09	93	9,577,094	0	2013-01-09
13003	04 06 13 16 18 19 25 24	101	10,119,444	0	2013-01-07
13002	08 15 16 18 19 25 28 02	129	12,402,100	0	2013-01-04
13001	03 07 08 12 13 15 22 21	80	8,594,514	1,859,943	2013-01-02
12154	01 02 18 19 24 26 28 08	118	9,912,580	0	2012-12-31
12153	11 15 23 25 26 28 29 08	157	13,065,738	0	2012-12-28
12152	13 14 16 18 20 24 26 30	131	9,293,206	2,370,690	2012-12-26
12151	05 08 11 15 20 21 24 02	104	9,309,072	0	2012-12-24
12150	07 09 13 14 17 19 29 08	108	15,053,760	0	2012-12-21
12149	01 02 04 09 11 17 20 03	64	10,939,638	4,894,823	2012-12-19
12148	04 10 13 18 19 28 29 23	121	9,512,750	2,272,156	2012-12-17
12147	02 10 12 13 27 29 30 03	123	10,356,176	0	2012-12-14
12146	07 10 12 24 26 28 30 18	137	8,922,882	0	2012-12-12
12145	01 05 06 08 09 10 15 25	54	9,278,982	0	2012-12-10
12144	01 02 03 06 09 11 23 21	55	10,897,294	0	2012-12-07
12143	04 12 13 22 24 25 29 30	129	8,994,110	0	2012-12-05
12142	04 09 14 19 22 23 28 07	119	9,652,578	0	2012-12-03
12141	01 04 08 13 14 24 27 25	91	10,485,088	0	2012-11-30
12140	08 12 17 21 23 25 29 27	135	8,910,356	0	2012-11-28
12139	04 06 07 16 19 20 26 24	98	9,462,108	0	2012-11-26
12138	05 10 12 22 23 24 30 14	126	10,584,210	0	2012-11-23
12137	09 11 23 24 25 29 30 05	151	9,369,452	0	2012-11-21
12136	01 05 14 15 16 27 30 23	108	11,760,364	0	2012-11-19
12135	08 09 11 13 15 23 24 10	103	10,639,280	2,703,377	2012-11-16
12134	03 07 11 14 19 20 21 29	95	9,247,278	0	2012-11-14
12133	03 08 16 18 23 24 29 12	121	9,519,982	0	2012-11-12
12132	01 05 10 17 18 21 30 03	102	10,900,724	0	2012-11-09
12131	02 10 15 22 25 27 30 29	131	9,340,144	0	2012-11-07
12130	06 07 12 17 19 22 25 13	108	9,262,686	0	2012-11-05
12129	01 04 09 17 18 28 29 11	106	10,560,706	0	2012-11-02
12128	03 05 06 14 19 23 24 28	94	9,257,120	0	2012-10-31
12127	06 10 18 21 26 28 30 19	139	9,529,260	0	2012-10-29
12126	06 11 18 20 21 22 25 28	123	10,583,856	0	2012-10-26
12125	04 07 12 16 18 25 29 27	111	9,150,410	0	2012-10-24
12124	01 14 24 25 27 28 30 18	149	9,538,708	0	2012-10-22
12123	01 05 13 20 23 24 30 15	116	10,857,640	0	2012-10-19
12122	05 11 14 20 24 29 30 22	133	11,015,350	0	2012-10-17
12121	01 07 12 14 20 26 28 21	108	9,387,664	2,160,280	2012-10-15
12120	10 17 18 19 28 29 30 25	151	10,663,846	0	2012-10-12
12119	05 08 09 13 16 21 26 24	98	9,292,824	0	2012-10-10
12118	02 09 17 18 20 21 26 10	113	11,421,100	0	2012-10-08
12117	15 17 21 23 26 28 29 19	159	9,408,902	2,372,997	2012-10-05
12116	01 14 15 16 22 23 25 19	116	8,032,534	0	2012-10-03
12115	02 08 09 10 13 19 22 29	83	8,415,396	0	2012-10-01
12114	02 07 12 16 25 28 29 08	119	10,495,938	0	2012-09-28
12113	02 20 21 22 25 26 28 12	144	11,054,838	0	2012-09-26
12112	05 07 14 20 22 23 30 19	121	9,654,212	2,387,069	2012-09-24
12111	01 04 07 09 10 11 24 02	66	10,760,630	0	2012-09-21
12110	04 07 09 17 24 25 27 11	113	11,169,546	0	2012-09-19
12109	04 07 11 12 14 16 18 29	82	9,822,272	2,456,323	2012-09-17
12108	05 09 14 18 22 25 29 15	122	10,781,886	0	2012-09-14
12107	03 07 10 16 17 27 28 04	108	9,718,120	0	2012-09-12
12106	01 05 19 22 24 29 30 28	130	10,833,438	0	2012-09-10
12105	05 11 17 18 20 24 27 08	122	14,726,952	0	2012-09-07
12104	02 03 04 06 08 09 24 13	56	10,486,064	2,666,332	2012-09-05
12103	08 10 16 18 22 29 30 01	133	10,673,546	0	2012-09-03
12102	02 04 08 13 15 20 23 18	85	11,590,546	0	2012-08-31
12101	04 06 09 14 20 26 30 02	109	10,014,750	0	2012-08-29
12100	01 04 11 15 18 22 26 06	97	10,705,096	0	2012-08-27
12099	03 09 17 21 23 24 28 15	125	11,797,310	0	2012-08-24
12098	07 08 14 21 24 25 27 23	126	10,126,034	0	2012-08-22
12097	07 08 09 15 20 24 25 29	108	10,625,902	0	2012-08-20
12096	02 07 10 20 23 24 30 12	116	11,925,222	0	2012-08-17
12095	04 06 12 13 20 21 23 01	99	9,961,644	0	2012-08-15
12094	04 09 16 18 19 21 22 28	109	10,373,732	0	2012-08-13
12093	15 16 18 23 25 27 28 08	152	11,474,358	0	2012-08-10
12092	03 06 11 14 20 21 28 19	103	9,962,130	0	2012-08-08
12091	06 09 10 12 17 22 25 20	101	10,378,972	0	2012-08-06
12090	01 04 07 09 14 24 30 19	89	11,560,216	0	2012-08-03
12089	01 02 04 17 25 29 30 11	108	10,180,366	0	2012-08-01
12088	05 07 12 16 17 26 27 13	110	11,380,584	0	2012-07-30
12087	01 08 09 22 27 28 30 19	125	14,360,174	1,018,479	2012-07-27
12086	14 15 18 21 23 25 27 29	143	10,182,404	2,598,206	2012-07-25
12085	01 02 04 09 14 24 30 21	84	10,529,358	0	2012-07-23
12084	01 16 21 23 27 28 30 29	146	11,757,346	0	2012-07-20
12083	05 06 09 12 18 19 21 04	90	10,630,160	0	2012-07-18
12082	06 07 16 18 25 27 28 19	127	11,106,098	0	2012-07-16
12081	06 09 12 13 25 27 29 26	121	12,539,450	0	2012-07-13
12080	06 13 19 22 23 27 29 08	139	11,289,316	0	2012-07-11
12079	06 14 16 20 21 23 25 09	125	11,136,176	0	2012-07-09
12078	01 07 10 23 27 29 30 03	127	11,793,816	0	2012-07-06
12077	01 04 19 21 22 28 29 30	124	10,151,650	0	2012-07-04
12076	02 04 07 08 13 24 29 09	87	10,598,088	0	2012-07-02
12075	02 03 06 10 16 17 20 22	74	11,386,154	0	2012-06-29
12074	01 02 10 19 20 21 30 17	103	10,608,068	0	2012-06-27
12073	05 08 16 18 22 25 28 04	122	10,984,016	0	2012-06-25
12072	03 06 11 24 25 26 29 05	124	11,567,232	0	2012-06-22
12071	04 08 10 14 16 22 28 02	102	12,781,326	0	2012-06-20
12070	01 07 16 18 19 20 25 08	106	11,183,420	2,630,299	2012-06-18
12069	05 13 17 19 25 26 29 08	134	12,220,184	0	2012-06-15
12068	03 04 10 13 17 19 28 20	94	11,328,880	0	2012-06-13
12067	04 07 13 23 26 27 28 30	128	13,307,474	794,342	2012-06-11
12066	06 11 13 15 21 23 29 05	118	12,156,084	2,950,206	2012-06-08
12065	01 10 11 14 16 23 29 21	104	11,013,514	0	2012-06-06
12064	02 14 16 18 20 25 29 26	124	12,188,546	0	2012-06-04
12063	04 12 15 18 20 21 25 02	115	13,321,876	0	2012-06-01
12062	01 04 06 12 16 22 23 05	84	15,972,400	0	2012-05-30
12061	02 03 08 16 19 21 22 27	91	13,056,506	5,902,957	2012-05-28
12060	02 03 05 07 22 24 25 11	88	10,343,722	2,613,771	2012-05-25
12059	06 07 09 19 21 26 30 05	118	10,902,824	0	2012-05-23
12058	01 03 08 10 17 22 24 16	85	9,222,008	2,314,626	2012-05-21
12057	01 05 06 16 18 23 25 12	94	11,912,624	0	2012-05-18
12056	03 15 16 18 24 25 27 17	128	8,635,360	1,977,546	2012-05-16
12055	01 03 05 10 12 15 20 14	66	9,273,288	0	2012-05-14
12054	02 09 16 18 24 27 28 22	124	10,036,868	0	2012-05-11
12053	02 11 12 14 25 28 29 20	121	8,656,054	0	2012-05-09
12052	07 08 11 16 26 29 30 01	127	9,311,360	0	2012-05-07
12051	02 07 11 17 23 24 29 28	113	10,170,430	0	2012-05-04
12050	02 08 11 20 23 24 26 04	114	8,562,634	0	2012-05-02
12049	01 11 14 18 23 25 29 09	121	8,523,320	0	2012-04-30
12048	01 02 04 11 12 28 29 06	87	12,720,822	0	2012-04-27
12047	01 02 12 15 21 23 26 25	100	9,048,904	2,324,471	2012-04-25
12046	03 09 16 24 25 27 29 21	133	9,540,034	0	2012-04-23
12045	06 07 08 12 13 19 30 26	95	10,758,538	0	2012-04-20
12044	05 07 10 11 15 25 30 27	103	9,329,942	0	2012-04-18
12043	06 10 15 20 23 28 30 09	132	9,977,770	0	2012-04-16
12042	03 07 16 17 20 21 29 11	113	10,700,390	0	2012-04-13
12041	01 03 13 15 16 17 24 08	89	11,536,424	0	2012-04-11
12040	04 05 06 09 14 24 28 19	90	9,951,042	2,307,889	2012-04-09
12039	02 03 06 18 19 27 28 22	103	13,115,162	0	2012-04-06
12038	01 03 10 13 21 24 27 11	99	8,773,104	2,132,683	2012-04-04
12037	01 07 10 19 20 26 30 18	113	9,376,994	0	2012-04-02
12036	09 13 15 18 20 23 29 01	127	11,167,362	0	2012-03-30
12035	06 07 09 11 14 20 27 22	94	9,571,146	0	2012-03-28
12034	03 05 10 12 15 16 23 29	84	9,842,434	0	2012-03-26
12033	01 03 05 06 10 14 30 26	69	11,040,752	0	2012-03-23
12032	01 03 10 14 23 26 27 05	104	11,640,748	430,997	2012-03-21
12031	13 14 17 20 21 26 27 23	138	9,918,054	2,290,208	2012-03-19
12030	08 12 13 19 23 26 27 21	128	11,038,744	0	2012-03-16
12029	03 04 05 14 16 27 30 08	99	9,337,528	0	2012-03-14
12028	05 07 09 11 13 24 28 04	97	10,158,922	0	2012-03-12
12027	03 05 06 15 18 26 30 22	103	11,078,754	0	2012-03-09
12026	01 02 06 14 21 26 27 16	97	9,776,072	0	2012-03-07
12025	06 07 12 13 17 21 27 29	103	10,346,142	0	2012-03-05
12024	01 06 07 08 14 21 30 18	87	11,486,920	0	2012-03-02
12023	06 12 16 17 19 26 30 27	126	9,727,408	0	2012-02-29
12022	07 08 10 11 20 24 29 04	109	10,491,162	0	2012-02-27
12021	02 04 07 08 18 20 24 17	83	13,840,640	0	2012-02-24
12020	05 10 11 18 25 27 28 17	124	10,072,604	2,456,839	2012-02-22
12019	02 05 07 10 14 19 21 11	78	10,415,664	0	2012-02-20
12018	07 10 11 13 18 20 25 16	104	11,259,918	0	2012-02-17
12017	03 04 13 21 24 25 30 23	120	11,922,558	420,438	2012-02-15
12016	01 08 10 17 21 28 29 05	114	10,069,350	2,444,712	2012-02-13
12015	02 07 08 18 24 25 30 28	114	10,902,508	0	2012-02-10
12014	02 04 07 17 21 25 28 06	104	9,459,338	0	2012-02-08
12013	03 11 18 21 23 27 30 10	133	17,562,884	0	2012-02-06
12012	01 11 13 16 20 24 29 05	114	14,893,932	7,944,947	2012-02-03
12011	01 05 07 15 22 25 28 21	103	10,204,976	4,557,573	2012-02-01
12010	01 08 13 15 22 25 30 21	114	8,698,046	1,878,213	2012-01-30
12009	02 04 10 18 24 26 27 28	111	11,362,966	0	2012-01-20
12008	01 07 09 13 19 21 23 05	93	9,219,488	0	2012-01-18
12007	01 09 16 17 20 27 29 15	119	9,527,766	0	2012-01-16
12006	11 15 18 19 20 27 28 13	138	10,895,330	0	2012-01-13
12005	01 06 09 15 18 22 27 11	98	9,294,206	0	2012-01-11
12004	05 08 13 16 17 19 24 12	102	9,869,044	0	2012-01-09
12003	05 14 20 21 22 26 28 10	136	10,888,830	0	2012-01-06
12002	02 06 14 19 21 27 30 05	119	9,229,814	0	2012-01-04
12001	02 11 16 18 20 29 30 14	126	9,482,066	0	2012-01-02
11153	04 09 12 14 16 17 20 21	92	10,835,464	0	2011-12-30
11152	06 07 09 10 18 19 23 27	92	9,501,298	0	2011-12-28
11151	01 16 18 19 24 27 29 30	134	12,469,688	0	2011-12-26
11150	01 05 13 15 16 19 24 08	93	11,137,104	2,917,058	2011-12-23
11149	01 06 11 15 19 20 29 09	101	9,454,338	0	2011-12-21
11148	01 02 10 23 25 28 29 20	118	10,222,660	0	2011-12-19
11147	01 06 10 20 22 26 30 09	115	13,367,574	0	2011-12-16
11146	09 13 16 21 22 26 30 18	137	9,467,340	1,707,213	2011-12-14
11145	12 20 23 24 25 29 30 15	163	9,958,738	0	2011-12-12
11144	09 13 19 25 27 28 29 20	150	12,707,910	0	2011-12-09
11143	01 07 08 10 14 17 18 16	75	9,156,180	2,250,428	2011-12-07
11142	03 15 16 19 21 23 24 27	121	9,807,002	0	2011-12-05
11141	03 09 12 14 17 25 30 28	110	16,602,010	0	2011-12-02
11140	07 08 09 11 13 22 30 28	100	11,514,558	4,858,371	2011-11-30
11139	01 07 11 15 21 25 28 13	108	9,601,710	2,130,749	2011-11-28
11138	02 13 18 24 28 29 30 06	144	10,780,642	0	2011-11-25
11137	06 16 17 20 21 28 29 03	137	11,395,706	0	2011-11-23
11136	06 10 15 16 19 25 26 11	117	9,599,250	1,917,529	2011-11-21
11135	04 05 19 23 24 27 29 07	131	12,829,726	0	2011-11-18
11134	06 08 20 21 25 29 30 12	139	9,124,786	2,135,392	2011-11-16
11133	04 08 14 19 22 25 30 15	122	9,634,280	0	2011-11-14
11132	02 08 11 13 16 22 26 29	98	12,684,288	0	2011-11-11
11131	03 07 12 26 27 28 29 21	132	8,690,748	2,072,802	2011-11-09
11130	01 03 13 18 21 23 25 06	104	9,041,260	0	2011-11-07
11129	04 13 17 22 28 29 30 11	143	10,323,898	0	2011-11-04
11128	03 06 07 09 11 12 19 04	67	9,217,668	0	2011-11-02
11127	06 10 13 18 19 20 23 09	109	9,702,592	0	2011-10-31
11126	02 07 08 17 19 21 29 27	103	12,735,184	0	2011-10-28
11125	06 11 20 21 23 24 30 27	135	9,037,392	2,317,890	2011-10-26
11124	02 06 10 12 14 20 27 19	91	9,360,908	0	2011-10-24
11123	07 11 16 18 20 22 26 09	120	10,347,826	0	2011-10-21
11122	02 06 14 16 20 24 27 11	109	9,046,694	0	2011-10-19
11121	05 08 15 25 27 28 30 21	138	11,592,938	0	2011-10-17
11120	03 05 07 15 20 26 30 06	106	10,220,290	2,613,885	2011-10-14
11119	03 08 12 19 20 25 26 09	113	8,931,446	0	2011-10-12
11118	06 16 18 23 24 27 30 07	144	9,379,712	0	2011-10-10
11117	12 14 15 19 22 25 27 09	134	9,820,424	0	2011-10-07
11116	02 03 08 15 16 23 25 13	92	8,196,138	0	2011-10-05
11115	02 05 06 12 19 29 30 21	103	8,339,066	0	2011-10-03
11114	04 09 10 11 18 27 30 21	109	10,199,036	0	2011-09-30
11113	04 07 08 12 15 22 27 20	95	8,592,066	0	2011-09-28
11112	02 09 10 11 14 22 25 04	93	9,594,846	0	2011-09-26
11111	02 03 06 07 21 27 30 24	96	12,683,616	0	2011-09-23
11110	02 06 14 16 22 23 30 13	113	9,226,730	2,297,300	2011-09-21
11109	02 04 09 20 21 24 29 27	109	9,381,350	0	2011-09-19
11108	01 07 11 13 17 23 24 25	96	10,466,110	0	2011-09-16
11107	03 04 09 10 13 25 27 30	91	9,154,970	0	2011-09-14
11106	06 10 16 23 25 27 30 03	137	8,756,438	0	2011-09-12
11105	04 05 10 15 23 26 30 24	113	10,367,804	0	2011-09-09
11104	01 03 18 20 25 29 30 14	126	11,203,428	0	2011-09-07
11103	01 02 11 16 23 27 29 04	109	9,408,032	2,232,615	2011-09-05
11102	01 04 07 08 16 17 30 29	83	12,685,080	0	2011-09-02
11101	07 11 17 18 26 27 30 13	136	8,743,874	2,066,626	2011-08-31
11100	04 07 13 14 16 18 25 06	97	8,907,642	0	2011-08-29
11099	11 15 16 23 26 27 29 28	147	10,133,820	0	2011-08-26
11098	06 12 18 19 23 27 30 07	135	10,362,046	0	2011-08-24
11097	10 11 15 16 21 27 29 20	129	8,976,078	1,894,695	2011-08-22
11096	01 09 13 16 22 24 27 14	112	9,716,708	0	2011-08-19
11095	07 10 13 16 18 19 27 29	110	8,630,502	0	2011-08-17
11094	05 07 08 16 17 28 30 12	111	8,855,202	0	2011-08-15
11093	07 08 10 13 14 22 23 02	97	9,996,748	0	2011-08-12
11092	02 08 09 14 20 25 28 01	106	8,530,510	0	2011-08-10
11091	06 13 15 20 25 27 30 23	136	9,016,066	0	2011-08-08
11090	02 04 06 09 10 20 28 17	79	12,327,820	0	2011-08-05
11089	12 13 18 24 25 27 28 06	147	8,946,512	2,091,845	2011-08-03
11088	03 04 10 12 15 24 29 17	97	9,312,938	0	2011-08-01
11087	09 16 18 19 22 24 30 27	138	10,171,202	0	2011-07-29
11086	02 05 12 18 21 24 27 13	109	8,655,158	0	2011-07-27
11085	01 07 12 22 24 27 29 15	122	9,161,900	0	2011-07-25
11084	02 05 09 14 16 21 22 08	89	10,341,980	0	2011-07-22
11083	03 06 11 16 17 22 23 25	98	8,784,506	0	2011-07-20
11082	09 16 17 19 20 21 29 13	131	9,280,796	0	2011-07-18
11081	04 05 06 07 15 16 25 12	78	10,423,242	0	2011-07-15
11080	02 03 05 18 21 22 29 11	100	9,149,334	0	2011-07-13
11079	05 14 16 19 20 26 28 27	128	9,430,562	0	2011-07-11
11078	05 07 15 17 21 23 26 20	114	10,256,780	0	2011-07-08
11077	06 13 14 15 23 24 27 25	122	8,749,788	0	2011-07-06
11076	01 05 10 18 24 25 29 02	112	11,005,902	0	2011-07-04
11075	06 09 12 19 21 25 27 20	119	10,183,766	2,070,386	2011-07-01
11074	01 03 16 17 18 20 25 04	100	10,505,784	0	2011-06-29
11073	04 05 14 21 23 24 27 08	118	8,990,842	2,251,765	2011-06-27
11072	02 03 06 14 15 21 26 13	87	9,930,118	0	2011-06-24
11071	04 13 14 23 24 25 27 19	130	8,720,872	0	2011-06-22
11070	05 11 12 14 19 20 28 01	109	9,156,872	0	2011-06-20
11069	05 07 09 16 17 21 25 02	100	10,226,356	0	2011-06-17
11068	03 09 13 14 17 23 24 22	103	8,708,796	0	2011-06-15
11067	04 13 15 16 22 24 28 05	122	9,192,628	0	2011-06-13
11066	02 06 07 12 15 20 25 08	87	12,106,202	0	2011-06-10
11065	03 11 21 23 24 25 26 20	133	8,460,306	2,057,835	2011-06-08
11064	09 19 20 21 24 26 30 15	149	8,476,126	0	2011-06-06
11063	01 05 16 17 18 26 28 15	111	10,172,824	0	2011-06-03
11062	12 14 15 18 20 21 27 16	127	8,741,818	0	2011-06-01
11061	05 08 10 15 18 25 30 12	111	9,297,888	0	2011-05-30
11060	01 03 04 07 08 19 25 09	67	10,377,718	0	2011-05-27
11059	05 11 17 20 21 22 30 25	126	8,937,170	0	2011-05-25
11058	01 02 04 14 19 22 25 08	87	9,486,738	0	2011-05-23
11057	02 03 05 16 17 19 23 20	85	10,232,756	0	2011-05-20
11056	05 14 17 18 21 24 27 20	126	8,889,008	0	2011-05-18
11055	03 06 07 10 14 18 21 16	79	9,267,654	0	2011-05-16
11054	02 09 10 11 12 21 27 17	92	10,525,328	0	2011-05-13
11053	02 10 11 13 26 27 30 18	119	9,149,440	0	2011-05-11
11052	01 04 17 19 24 25 29 06	119	9,965,776	0	2011-05-09
11051	06 09 13 17 21 22 26 05	114	12,964,544	82,262	2011-05-06
11050	14 15 18 23 26 27 29 09	152	9,316,214	2,359,888	2011-05-04
11049	05 09 11 12 15 23 29 17	104	9,184,918	0	2011-05-02
11048	02 10 12 15 21 23 28 03	111	10,789,644	0	2011-04-29
11047	05 09 11 16 18 19 29 26	107	11,378,548	0	2011-04-27
11046	09 13 14 16 18 26 27 20	123	9,792,264	2,110,793	2011-04-25
11045	05 06 09 12 17 20 21 01	90	10,994,492	0	2011-04-22
11044	11 14 16 23 25 27 29 12	145	14,947,104	0	2011-04-20
11043	01 09 12 13 20 27 29 24	111	12,093,170	5,221,928	2011-04-18
11042	07 09 10 12 18 21 25 14	102	10,412,164	2,424,635	2011-04-15
11041	02 05 08 13 18 19 21 10	86	9,222,072	0	2011-04-13
11040	06 10 11 12 15 27 30 08	111	9,842,492	0	2011-04-11
11039	01 02 06 12 13 21 30 19	85	11,079,642	0	2011-04-08
11038	01 09 15 16 17 26 29 30	113	11,549,128	0	2011-04-06
11037	02 10 14 16 18 20 25 01	105	9,628,432	2,589,031	2011-04-04
11036	02 04 05 08 14 19 25 12	77	10,934,500	0	2011-04-01
11035	01 11 21 25 28 29 30 05	145	9,727,604	0	2011-03-30
11034	02 09 13 14 18 26 29 03	111	9,959,912	0	2011-03-28
11033	04 08 18 20 28 29 30 27	137	11,153,460	0	2011-03-25
11032	16 17 19 21 24 25 29 14	151	9,896,818	0	2011-03-23
11031	03 04 10 12 13 21 24 26	87	9,920,290	0	2011-03-21
11030	01 02 08 12 14 20 28 21	85	11,136,262	0	2011-03-18
11029	10 15 17 20 25 26 28 04	141	10,023,458	0	2011-03-16
11028	03 04 07 17 19 20 28 11	98	12,291,908	49,144	2011-03-14
11027	02 05 13 21 25 26 29 09	121	10,809,766	2,514,998	2011-03-11
11026	02 04 05 06 08 21 24 14	70	9,739,622	0	2011-03-09
11025	04 07 09 11 16 21 28 14	96	9,869,564	0	2011-03-07
11024	02 03 06 07 12 22 30 05	82	10,770,220	0	2011-03-04
11023	03 11 15 20 22 25 28 16	124	9,104,788	0	2011-03-02
11022	01 05 06 20 23 27 29 04	111	9,593,164	0	2011-02-28
11021	03 11 15 22 23 27 30 21	131	10,804,452	0	2011-02-25
11020	02 04 05 10 13 26 29 20	89	9,229,070	0	2011-02-23
11019	01 03 05 06 14 16 21 29	66	9,785,138	0	2011-02-21
11018	03 13 16 17 22 24 29 19	124	10,295,782	0	2011-02-18
11017	04 08 11 12 14 26 28 27	103	9,031,414	0	2011-02-16
11016	02 04 12 20 21 25 28 29	112	10,905,806	129,476	2011-02-14
11015	01 02 06 07 09 17 18 19	60	9,675,052	2,357,428	2011-02-11
11014	02 04 07 12 17 21 29 09	92	8,534,866	0	2011-02-09
11013	07 11 12 13 20 21 27 03	111	9,820,540	0	2011-01-31
11012	06 09 11 15 18 23 29 27	111	10,632,862	0	2011-01-28
11011	10 13 15 18 25 26 27 22	134	9,503,718	0	2011-01-26
11010	05 06 17 22 25 26 28 01	129	9,788,316	0	2011-01-24
11009	04 06 09 13 15 18 27 12	92	15,386,800	0	2011-01-21
11008	01 03 08 09 10 13 29 06	73	10,903,058	4,943,267	2011-01-19
11007	01 06 15 16 22 25 26 17	111	9,528,210	2,362,169	2011-01-17
11006	02 10 15 16 20 24 25 22	112	10,196,372	0	2011-01-14
11005	01 07 08 09 19 21 29 12	94	9,005,380	0	2011-01-12
11004	04 10 12 13 14 20 30 19	103	9,742,548	0	2011-01-10
11003	08 13 20 21 22 25 30 07	139	10,886,000	0	2011-01-07
11002	04 09 14 18 20 25 26 24	116	11,006,932	0	2011-01-05
11001	13 16 17 19 21 26 27 01	139	9,272,554	2,357,230	2011-01-03
10154	03 04 07 16 20 25 26 27	101	10,740,944	0	2010-12-31
10153	04 05 11 20 23 26 27 19	116	9,200,822	0	2010-12-29
10152	06 07 11 12 14 24 28 21	102	9,596,232	0	2010-12-27
10151	02 07 08 10 15 23 24 13	89	10,369,820	0	2010-12-24
10150	09 15 19 25 26 27 29 22	150	9,174,558	0	2010-12-22
10149	01 02 13 18 27 28 30 29	119	11,513,456	0	2010-12-20
10148	01 03 06 10 13 19 29 11	81	9,885,716	2,386,328	2010-12-17
10147	01 19 20 26 27 28 30 05	151	8,417,022	0	2010-12-15
10146	07 15 24 26 27 29 30 06	158	8,947,032	0	2010-12-13
10145	01 17 18 23 26 28 30 09	143	10,426,790	0	2010-12-10
10144	02 04 10 13 20 23 24 08	96	10,643,232	0	2010-12-08
10143	03 07 08 14 21 29 30 06	112	9,315,328	2,246,353	2010-12-06
10142	01 16 17 19 20 26 27 29	126	10,272,134	0	2010-12-03
10141	03 11 16 21 24 26 27 25	128	8,933,382	0	2010-12-01
10140	06 07 08 18 19 21 22 12	101	9,789,784	0	2010-11-29
10139	01 05 07 08 10 14 30 27	75	10,419,482	0	2010-11-26
10138	01 06 08 13 16 22 28 23	94	9,122,050	0	2010-11-24
10137	03 07 09 15 16 20 24 18	94	9,512,076	0	2010-11-22
10136	02 06 13 17 22 23 27 12	110	10,682,298	0	2010-11-19
10135	01 09 10 14 18 23 24 21	99	8,877,504	0	2010-11-17
10134	07 15 16 20 24 29 30 26	141	9,229,412	0	2010-11-15
10133	01 02 03 10 18 27 30 14	91	10,525,098	0	2010-11-12
10132	04 10 12 16 24 29 30 05	125	9,373,974	0	2010-11-10
10131	05 09 11 21 23 27 30 18	126	9,520,914	0	2010-11-08
10130	03 08 09 17 22 25 26 15	110	11,836,110	0	2010-11-05
10129	01 06 07 08 13 20 25 14	80	9,118,048	2,136,780	2010-11-03
10128	01 07 14 16 18 23 25 11	104	11,301,520	0	2010-11-01
10127	11 12 25 26 28 29 30 16	161	10,085,374	2,373,814	2010-10-29
10126	05 12 14 15 16 21 27 23	110	9,021,438	0	2010-10-27
10125	04 06 12 16 25 27 30 08	120	9,251,892	0	2010-10-25
10124	02 09 10 13 15 21 27 05	97	10,288,826	0	2010-10-22
10123	01 05 11 12 15 16 29 27	89	8,939,006	0	2010-10-20
10122	03 07 12 18 21 23 25 06	109	9,344,844	0	2010-10-18
10121	04 06 18 20 21 24 25 14	118	10,064,718	0	2010-10-15
10120	04 05 11 23 24 25 27 19	119	8,767,922	0	2010-10-13
10119	01 09 10 13 19 22 28 29	102	9,426,292	0	2010-10-11
10118	01 03 05 08 12 15 29 22	73	11,741,912	0	2010-10-08
10117	08 10 16 18 19 25 27 13	123	8,449,892	2,169,185	2010-10-06
10116	01 02 05 17 21 22 25 27	93	9,846,352	0	2010-10-04
10115	03 11 15 19 21 24 26 30	119	8,813,570	2,161,333	2010-10-01
10114	01 10 12 13 19 23 29 27	107	10,212,262	0	2010-09-29
10113	02 03 13 15 19 26 27 17	105	8,947,072	2,195,634	2010-09-27
10112	04 18 19 20 23 24 29 14	137	9,569,722	0	2010-09-24
10111	02 03 10 18 24 27 29 22	113	7,608,072	0	2010-09-22
10110	02 06 19 23 26 29 30 28	135	8,954,874	0	2010-09-20
10109	04 08 10 14 23 24 30 20	113	9,569,698	0	2010-09-17
10108	04 08 12 17 20 21 26 18	108	8,547,706	0	2010-09-15
10107	04 06 15 21 25 28 29 01	128	9,027,832	0	2010-09-13
10106	09 11 17 23 24 25 27 02	136	9,671,696	0	2010-09-10
10105	03 10 11 12 13 20 30 09	99	10,839,334	0	2010-09-08
10104	05 06 13 15 20 23 24 04	106	9,296,498	2,314,157	2010-09-06
10103	05 11 12 20 22 24 29 02	123	9,884,850	0	2010-09-03
10102	01 02 07 08 22 24 27 10	91	8,820,750	0	2010-09-01
10101	01 07 11 13 20 24 28 18	104	9,292,152	0	2010-08-30
10100	02 05 12 16 22 26 29 01	112	9,800,214	0	2010-08-27
10099	02 03 07 09 13 23 26 10	83	8,807,782	0	2010-08-25
10098	01 08 13 14 21 25 29 22	111	9,156,412	0	2010-08-23
10097	03 12 13 15 19 26 30 22	118	9,968,378	0	2010-08-20
10096	05 08 11 13 17 22 30 25	106	8,749,526	0	2010-08-18
10095	01 03 05 14 20 23 24 10	90	9,145,058	0	2010-08-16
10094	02 07 10 13 27 28 30 25	117	9,867,580	0	2010-08-13
10093	08 10 11 16 21 27 29 26	122	8,623,044	0	2010-08-11
10092	11 12 14 19 25 27 28 24	136	9,045,492	0	2010-08-09
10091	02 04 07 12 26 27 29 22	107	9,931,876	0	2010-08-06
10090	04 10 13 17 20 23 27 01	114	8,548,824	0	2010-08-04
10089	03 16 17 21 24 26 30 27	137	9,380,032	0	2010-08-02
10088	04 05 09 11 12 22 28 21	91	14,214,902	0	2010-07-30
10087	01 04 05 10 20 22 27 13	89	10,057,778	4,339,215	2010-07-28
10086	02 03 04 07 15 18 26 08	75	8,840,048	1,857,249	2010-07-26
10085	02 08 17 19 20 22 29 28	117	9,678,012	0	2010-07-23
10084	01 06 10 13 14 15 22 05	81	8,749,278	0	2010-07-21
10083	01 08 11 12 14 29 30 07	105	9,268,410	0	2010-07-19
10082	03 07 11 14 17 24 26 25	102	11,794,956	0	2010-07-16
10081	02 06 15 17 18 26 30 13	114	8,648,196	1,891,008	2010-07-14
10080	06 14 19 24 26 27 29 23	145	8,951,304	0	2010-07-12
10079	03 05 06 15 18 20 21 16	88	9,881,650	0	2010-07-09
10078	02 05 10 21 22 27 30 11	117	8,596,930	0	2010-07-07
10077	01 03 05 06 17 21 30 23	83	11,201,446	0	2010-07-05
10076	06 11 12 14 16 18 26 04	103	10,204,856	2,515,386	2010-07-02
10075	01 06 12 16 24 27 30 11	116	9,066,032	0	2010-06-30
10074	03 04 10 13 17 27 30 11	104	9,516,338	0	2010-06-28
10073	06 08 09 13 22 26 27 19	111	14,854,876	0	2010-06-25
10072	02 14 15 16 21 25 26 24	119	10,568,110	4,566,175	2010-06-23
10071	09 12 14 21 26 28 29 30	139	9,171,610	1,830,863	2010-06-21
10070	07 12 17 22 25 26 30 15	139	9,940,194	0	2010-06-18
10069	06 10 12 13 16 24 27 01	108	8,214,076	0	2010-06-16
10068	03 04 10 13 19 26 29 12	104	8,870,948	0	2010-06-14
10067	01 02 10 11 13 22 26 17	85	10,615,990	0	2010-06-11
10066	02 05 11 20 25 26 29 12	118	9,405,048	0	2010-06-09
10065	08 12 14 25 26 27 30 02	142	11,751,858	0	2010-06-07
10064	04 06 09 10 12 23 25 24	89	10,126,908	2,043,548	2010-06-04
10063	02 05 06 11 21 26 27 04	98	9,342,616	0	2010-06-02
10062	01 05 10 22 25 26 28 21	117	9,762,748	0	2010-05-31
10061	03 09 12 15 20 23 28 27	110	10,623,126	0	2010-05-28
10060	01 09 14 17 18 27 28 15	114	9,534,798	0	2010-05-26
10059	06 09 11 14 17 25 29 08	111	11,930,978	0	2010-05-24
10058	05 07 09 18 20 26 29 01	114	10,567,566	2,483,972	2010-05-21
10057	06 09 13 18 21 25 26 27	118	9,774,834	0	2010-05-19
10056	06 09 12 15 22 23 30 11	117	12,501,356	0	2010-05-17
10055	01 02 07 13 15 24 29 05	91	15,942,766	3,213,792	2010-05-14
10054	01 03 05 08 20 22 23 30	82	10,932,386	4,604,687	2010-05-12
10053	02 08 09 18 25 26 27 14	115	9,338,514	1,898,516	2010-05-10
10052	05 08 09 11 12 15 28 02	88	10,228,378	0	2010-05-07
10051	10 12 13 19 20 21 29 05	124	11,191,954	0	2010-05-05
10050	01 07 10 15 21 28 29 08	111	8,943,386	2,104,580	2010-05-03
10049	03 10 14 17 23 29 30 21	126	10,251,112	0	2010-04-30
10048	01 04 11 22 23 27 29 18	117	9,412,836	0	2010-04-28
10047	09 10 13 14 16 20 29 30	111	9,654,994	0	2010-04-26
10046	03 09 12 13 15 26 27 29	105	10,544,690	0	2010-04-23
10045	07 11 14 16 22 26 27 04	123	9,185,282	0	2010-04-21
10044	01 02 04 12 17 21 25 28	82	9,678,178	0	2010-04-19
10043	02 04 07 14 15 23 30 10	95	10,457,144	0	2010-04-16
10042	04 11 18 22 23 27 28 03	133	9,248,948	0	2010-04-14
10041	06 08 10 11 14 27 29 18	105	10,005,326	0	2010-04-12
10040	02 07 13 14 16 18 20 29	90	10,641,854	0	2010-04-09
10039	01 04 06 10 12 19 22 28	74	9,340,648	0	2010-04-07
10038	11 12 16 20 21 28 30 24	138	9,206,034	0	2010-04-05
10037	01 03 10 15 26 27 29 06	111	10,606,610	0	2010-04-02
10036	07 12 14 18 20 22 27 17	120	9,600,474	0	2010-03-31
10035	01 02 07 11 22 27 29 23	99	9,980,596	0	2010-03-29
10034	01 04 06 07 09 12 29 19	68	10,822,552	0	2010-03-26
10033	02 08 13 16 17 24 25 03	105	9,609,866	0	2010-03-24
10032	08 12 19 22 24 25 28 30	138	10,167,096	0	2010-03-22
10031	04 06 09 10 15 19 20 25	83	10,862,522	0	2010-03-19
10030	02 06 12 21 22 25 29 04	117	10,014,718	0	2010-03-17
10029	06 12 13 18 23 27 30 15	129	10,117,242	0	2010-03-15
10028	05 10 13 16 17 23 29 01	113	12,546,986	0	2010-03-12
10027	01 04 09 15 26 28 29 25	112	9,231,488	2,245,375	2010-03-10
10026	06 08 12 14 16 20 30 11	106	9,497,270	0	2010-03-08
10025	04 05 14 15 17 22 23 01	100	10,283,458	0	2010-03-05
10024	03 05 06 18 20 23 25 15	100	10,674,240	0	2010-03-03
10023	02 11 13 16 19 20 23 17	104	8,876,750	2,062,919	2010-03-01
10022	08 09 10 17 19 22 28 20	113	10,071,742	0	2010-02-26
10021	01 03 05 09 12 16 22 04	68	8,929,248	0	2010-02-24
10020	03 08 14 15 17 21 22 05	100	9,266,654	0	2010-02-22
10019	01 03 08 12 14 17 22 13	77	11,114,338	0	2010-02-12
10018	05 10 11 20 26 28 30 12	130	10,472,014	0	2010-02-10
10017	01 03 04 06 10 27 30 18	81	9,571,846	2,466,225	2010-02-08
10016	02 15 18 19 25 26 27 24	132	10,585,638	0	2010-02-05
10015	06 07 10 15 18 26 30 12	112	9,920,600	0	2010-02-03
10014	06 07 17 18 21 24 28 10	121	10,253,106	0	2010-02-01
10013	02 06 09 13 18 19 23 24	90	11,105,448	0	2010-01-29
10012	11 17 18 20 23 26 29 01	144	9,848,652	0	2010-01-27
10011	02 06 09 14 21 23 27 26	102	10,344,944	0	2010-01-25
10010	02 10 11 19 21 25 30 06	118	11,006,708	0	2010-01-22
10009	02 06 07 08 12 20 25 10	80	9,633,354	0	2010-01-20
10008	04 10 14 18 19 21 22 05	108	10,420,312	0	2010-01-18
10007	10 11 12 19 20 24 28 22	124	13,464,412	0	2010-01-15
10006	03 05 06 10 13 20 22 24	79	9,703,702	2,341,726	2010-01-13
10005	04 06 08 13 17 22 27 16	97	10,027,136	0	2010-01-11
10004	02 05 08 14 21 23 28 20	101	12,621,762	0	2010-01-08
10003	04 05 07 13 16 22 24 26	91	9,185,544	0	2010-01-06
10002	02 05 11 15 16 23 25 07	97	9,674,382	0	2010-01-04
10001	02 10 11 15 16 20 27 04	101	10,131,388	0	2010-01-01
09153	05 07 11 12 13 21 22 01	91	10,057,696	0	2009-12-30
09152	08 11 17 20 21 26 28 10	131	10,153,444	0	2009-12-28
09151	05 12 15 20 24 25 27 06	128	10,484,470	0	2009-12-25
09150	01 10 11 12 14 16 21 20	85	9,540,826	0	2009-12-23
09149	09 10 17 18 25 29 30 05	138	9,631,308	0	2009-12-21
09148	02 05 07 08 09 10 12 16	53	10,937,230	0	2009-12-18
09147	07 08 11 18 20 26 30 25	120	11,767,470	0	2009-12-16
09146	03 04 06 12 15 17 29 21	86	9,874,752	2,251,881	2009-12-14
09145	05 10 12 14 19 20 30 28	110	10,944,950	0	2009-12-11
09144	02 03 06 15 19 23 25 04	93	9,525,294	0	2009-12-09
09143	04 07 09 11 18 22 26 08	97	9,862,462	0	2009-12-07
09142	06 07 08 10 19 22 26 18	98	10,841,632	0	2009-12-04
09141	06 10 11 13 17 22 30 29	109	9,279,930	0	2009-12-02
09140	07 10 14 17 18 19 20 01	105	9,882,998	0	2009-11-30
09139	01 02 03 10 16 26 29 19	87	10,779,004	0	2009-11-27
09138	05 09 13 15 22 24 30 17	118	9,526,364	0	2009-11-25
09137	03 05 11 15 19 27 30 18	110	9,829,164	0	2009-11-23
09136	02 04 05 17 21 22 25 24	96	10,388,608	0	2009-11-20
09135	01 06 09 24 27 29 30 25	126	9,293,460	0	2009-11-18
09134	02 07 09 19 25 26 30 13	118	9,636,042	0	2009-11-16
09133	02 04 06 20 22 23 29 07	106	12,522,374	609,805	2009-11-13
09132	02 08 11 13 18 22 23 26	97	9,527,766	2,438,947	2009-11-11
09131	07 08 13 18 21 26 27 25	120	9,968,232	0	2009-11-09
09130	02 17 18 19 23 25 30 14	134	11,440,738	0	2009-11-06
09129	01 06 10 21 23 27 28 05	116	10,078,334	0	2009-11-04
09128	01 09 10 12 18 23 25 08	98	9,797,348	0	2009-11-02
09127	03 04 15 18 24 29 30 28	123	11,667,692	0	2009-10-30
09126	06 07 14 15 18 29 30 23	119	10,368,132	0	2009-10-28
09125	04 07 08 19 22 24 26 17	110	10,739,180	0	2009-10-26
09124	03 10 11 15 20 26 28 29	113	12,951,378	0	2009-10-23
09123	04 06 09 21 25 26 30 16	121	9,847,006	2,089,701	2009-10-21
09122	03 04 05 10 15 20 27 08	84	10,437,692	0	2009-10-19
09121	06 11 14 16 17 21 26 28	111	10,999,924	0	2009-10-16
09120	01 04 06 10 16 19 28 07	84	11,346,238	0	2009-10-14
09119	01 03 05 09 10 20 24 12	72	10,408,376	2,337,407	2009-10-12
09118	06 12 16 18 20 23 29 21	124	10,398,160	0	2009-10-09
09117	01 06 12 15 21 22 29 03	106	8,707,106	0	2009-10-07
09116	04 06 08 16 21 25 27 20	107	8,715,966	0	2009-10-05
09115	01 02 03 06 14 29 30 23	85	9,060,472	0	2009-10-02
09114	01 10 12 26 28 29 30 14	136	9,709,900	0	2009-09-30
09113	05 08 14 20 22 26 28 13	123	10,163,660	0	2009-09-28
09112	07 10 11 14 17 25 27 02	111	13,010,180	0	2009-09-25
09111	04 06 09 11 19 22 26 12	97	9,424,534	2,349,362	2009-09-23
09110	08 11 12 16 24 26 29 18	126	10,028,276	0	2009-09-21
09109	02 15 19 21 23 26 29 16	135	12,597,298	302,707	2009-09-18
09108	06 07 11 13 15 20 26 17	98	9,321,380	2,175,362	2009-09-16
09107	02 04 05 19 22 23 28 13	103	10,210,516	0	2009-09-14
09106	02 09 11 21 23 27 28 15	121	10,548,152	0	2009-09-11
09105	08 12 19 21 24 28 29 03	141	9,493,250	0	2009-09-09
09104	02 07 15 21 25 27 29 14	126	9,578,016	0	2009-09-07
09103	01 06 19 20 23 24 29 15	122	12,029,142	0	2009-09-04
09102	04 09 12 14 15 17 21 08	92	9,303,242	2,309,477	2009-09-02
09101	01 07 09 15 21 25 27 23	105	9,348,050	0	2009-08-31
09100	10 14 16 19 23 25 26 01	133	11,299,806	0	2009-08-28
09099	03 04 05 06 07 27 28 26	80	9,352,302	2,376,551	2009-08-26
09098	04 05 10 12 17 19 24 29	91	9,659,814	0	2009-08-24
09097	09 11 13 16 18 20 28 30	115	10,260,884	0	2009-08-21
09096	01 02 07 08 12 19 30 10	79	9,264,870	0	2009-08-19
09095	07 10 12 13 16 18 27 22	103	9,680,266	0	2009-08-17
09094	07 14 18 22 23 25 30 04	139	10,153,426	0	2009-08-14
09093	04 05 15 18 20 23 26 27	111	10,848,438	0	2009-08-12
09092	01 04 05 12 17 19 24 23	82	9,407,724	2,294,480	2009-08-10
09091	05 12 14 15 24 25 26 21	121	10,028,136	0	2009-08-07
09090	01 06 12 13 24 27 28 23	111	9,473,688	0	2009-08-05
09089	01 02 06 08 13 17 19 22	66	11,582,518	0	2009-08-03
09088	01 03 07 12 16 20 23 08	82	10,133,852	2,515,906	2009-07-31
09087	04 05 11 12 18 24 26 15	100	9,361,946	0	2009-07-29
09086	04 08 10 12 24 25 30 16	113	9,834,762	0	2009-07-27
09085	03 05 09 11 14 18 23 21	83	10,265,524	0	2009-07-24
09084	01 08 13 14 18 26 28 04	108	9,113,456	0	2009-07-22
09083	05 08 12 16 23 24 25 17	113	9,488,518	0	2009-07-20
09082	01 07 08 10 21 22 26 06	95	10,131,904	0	2009-07-17
09081	01 04 08 12 19 24 25 13	93	9,320,962	0	2009-07-15
09080	10 11 13 14 19 23 25 26	115	11,243,768	0	2009-07-13
09079	05 12 15 17 19 28 29 01	125	10,076,816	2,356,913	2009-07-10
09078	10 12 13 18 23 26 29 25	131	9,091,976	0	2009-07-08
09077	03 05 09 18 20 21 23 29	99	9,527,348	0	2009-07-06
09076	03 08 11 18 21 25 30 19	116	9,780,116	0	2009-07-03
09075	01 07 08 09 11 12 30 02	78	9,457,714	0	2009-07-01
09074	09 11 13 16 18 20 29 08	116	9,931,666	0	2009-06-29
09073	02 10 11 14 19 24 28 17	108	10,433,046	0	2009-06-26
09072	04 06 10 15 23 25 30 14	113	9,250,758	0	2009-06-24
09071	03 06 09 20 21 24 25 19	108	9,780,186	0	2009-06-22
09070	13 17 21 22 24 29 30 14	156	10,453,542	0	2009-06-19
09069	01 02 07 12 18 19 25 04	84	9,906,836	0	2009-06-17
09068	01 09 10 13 20 24 30 06	107	10,458,970	0	2009-06-15
09067	03 10 13 20 25 26 29 06	126	10,967,468	0	2009-06-12
09066	01 02 03 07 19 20 27 14	79	11,802,310	0	2009-06-10
09065	08 09 12 20 25 28 29 19	131	10,415,816	2,320,443	2009-06-08
09064	01 08 13 14 18 20 29 06	103	11,093,914	0	2009-06-05
09063	04 08 12 16 18 20 26 13	104	10,172,992	0	2009-06-03
09062	02 05 09 10 17 24 25 29	92	10,837,792	0	2009-06-01
09061	01 04 08 16 17 27 29 19	102	10,869,866	0	2009-05-29
09060	02 08 12 18 20 23 27 07	110	10,261,994	0	2009-05-27
09059	07 16 19 21 26 29 30 18	148	13,010,322	0	2009-05-25
09058	06 10 11 18 20 22 24 12	111	11,817,504	2,830,521	2009-05-22
09057	03 09 13 17 24 26 28 22	120	10,383,494	0	2009-05-20
09056	05 06 07 13 18 24 29 01	102	11,051,842	0	2009-05-18
09055	02 08 15 16 17 25 30 23	113	13,399,360	0	2009-05-15
09054	07 10 14 18 19 21 30 05	119	10,489,516	2,129,807	2009-05-13
09053	03 08 10 15 16 23 28 04	103	10,794,222	0	2009-05-11
09052	03 06 16 17 26 29 30 19	127	11,559,042	0	2009-05-08
09051	03 04 08 10 22 26 29 18	102	10,406,580	0	2009-05-06
09050	04 05 07 10 19 27 28 20	100	10,839,568	0	2009-05-04
09049	03 05 13 16 17 22 27 02	103	10,834,472	0	2009-05-01
09048	02 04 13 21 25 29 30 16	124	12,551,000	0	2009-04-29
09047	04 05 08 15 16 26 30 21	104	11,503,670	2,611,401	2009-04-27
09046	11 14 18 19 20 25 28 15	135	12,078,794	0	2009-04-24
09045	11 16 17 19 20 21 28 12	132	10,928,616	0	2009-04-22
09044	03 08 14 16 17 20 25 12	103	11,288,624	0	2009-04-20
09043	02 19 20 21 22 25 26 18	135	12,430,972	0	2009-04-17
09042	08 10 16 18 19 24 29 01	124	10,953,446	0	2009-04-15
09041	03 04 06 15 23 25 27 09	103	11,550,716	0	2009-04-13
09040	04 06 07 13 16 18 21 05	85	12,248,266	0	2009-04-10
09039	02 19 20 21 22 27 29 30	140	11,317,204	0	2009-04-08
09038	08 10 12 21 22 29 30 28	132	11,320,826	0	2009-04-06
09037	02 06 10 14 17 20 30 03	99	12,543,526	0	2009-04-03
09036	05 12 13 23 24 25 27 06	129	11,457,212	0	2009-04-01
09035	02 07 12 21 22 24 28 01	116	12,327,936	0	2009-03-30
09034	06 12 15 20 24 26 29 27	132	12,718,064	0	2009-03-27
09033	05 08 13 14 22 26 28 24	116	11,235,584	0	2009-03-25
09032	02 03 04 16 20 27 29 06	101	12,476,378	0	2009-03-23
09031	06 10 24 25 27 28 30 08	150	14,578,884	1,583,692	2009-03-20
09030	06 19 20 21 25 29 30 07	150	11,715,516	2,812,090	2009-03-18
09029	01 05 09 10 14 17 28 19	84	11,947,744	0	2009-03-16
09028	01 02 05 08 09 11 20 18	56	14,528,298	0	2009-03-13
09027	11 13 18 19 23 24 25 04	133	11,123,164	2,430,211	2009-03-11
09026	01 11 12 18 21 22 26 07	111	11,455,426	0	2009-03-09
09025	05 09 19 21 27 29 30 20	140	12,187,208	0	2009-03-06
09024	04 06 09 15 22 25 29 02	110	11,173,350	0	2009-03-04
09023	01 09 10 13 15 21 29 02	98	11,303,512	0	2009-03-02
09022	02 12 14 18 24 25 29 30	124	11,995,660	0	2009-02-27
09021	01 15 22 23 24 28 29 13	142	10,762,714	0	2009-02-25
09020	07 17 18 19 21 24 28 14	134	13,491,840	0	2009-02-23
09019	01 02 13 15 21 22 24 05	98	11,656,992	3,257,499	2009-02-20
09018	02 13 15 16 17 21 27 04	111	10,643,266	0	2009-02-18
09017	12 15 18 21 26 27 30 24	149	11,281,060	0	2009-02-16
09016	05 11 15 17 20 23 29 01	120	11,370,634	0	2009-02-13
09015	09 13 14 22 26 27 28 16	139	10,464,020	0	2009-02-11
09014	06 07 10 12 21 22 28 23	106	10,781,182	0	2009-02-09
09013	06 08 12 15 22 28 29 20	120	11,533,714	0	2009-02-06
09012	01 02 07 10 17 24 29 06	90	10,028,982	0	2009-02-04
09011	01 03 04 17 20 23 30 18	98	11,911,042	0	2009-02-02
09010	11 12 21 23 24 26 28 09	145	12,583,706	3,257,258	2009-01-23
09009	05 08 10 19 22 24 28 06	116	10,768,274	0	2009-01-21
09008	01 02 04 15 20 22 23 13	87	11,763,704	0	2009-01-19
09007	03 05 06 11 19 20 25 12	89	12,404,284	0	2009-01-16
09006	04 08 11 16 20 25 26 09	110	11,031,788	0	2009-01-14
09005	06 08 13 18 22 28 29 01	124	11,632,470	0	2009-01-12
09004	10 12 16 18 21 24 26 06	127	12,367,390	0	2009-01-09
09003	01 09 10 12 15 19 21 17	87	11,413,354	0	2009-01-07
09002	10 14 15 20 23 25 29 11	136	11,803,514	0	2009-01-05
09001	02 03 04 14 15 23 26 08	87	11,680,690	0	2009-01-02
08154	05 06 07 11 20 26 27 03	102	12,161,978	0	2008-12-31
08153	02 09 13 16 20 25 26 29	111	12,522,138	0	2008-12-29
08152	06 08 12 14 17 19 29 28	105	13,017,860	0	2008-12-26
08151	02 05 10 15 18 21 27 28	98	11,759,906	0	2008-12-24
08150	01 03 10 14 15 17 29 04	89	11,408,752	0	2008-12-22
08149	05 06 08 14 16 28 30 03	107	13,055,908	0	2008-12-19
08148	02 05 06 09 19 20 27 26	88	13,114,602	0	2008-12-17
08147	01 10 13 15 18 20 28 02	105	14,773,952	2,463,090	2008-12-15
08146	01 04 06 18 22 24 26 08	101	12,672,106	3,456,093	2008-12-12
08145	01 03 10 17 18 19 23 04	91	11,277,572	0	2008-12-10
08144	05 07 12 14 18 22 29 19	107	11,984,154	0	2008-12-08
08143	03 08 17 22 24 25 29 06	128	12,389,168	0	2008-12-05
08142	05 07 12 17 18 25 26 28	110	11,426,554	0	2008-12-03
08141	03 10 12 13 17 21 30 15	106	14,580,104	0	2008-12-01
08140	02 15 16 20 22 25 26 03	126	12,278,332	3,124,360	2008-11-28
08139	01 04 15 19 20 26 29 06	114	11,231,364	0	2008-11-26
08138	02 03 06 07 11 15 26 13	70	11,613,810	0	2008-11-24
08137	03 05 07 10 22 23 27 24	97	12,179,322	0	2008-11-21
08136	01 09 10 22 24 25 28 23	119	10,455,618	0	2008-11-19
08135	02 10 14 21 23 25 30 11	125	11,389,716	0	2008-11-17
08134	01 08 09 10 14 18 19 27	79	12,304,580	0	2008-11-14
08133	06 07 10 11 20 21 25 08	100	11,393,402	0	2008-11-12
08132	08 12 17 19 20 29 30 26	135	11,530,748	0	2008-11-10
08131	08 09 12 15 18 23 26 17	111	11,916,344	0	2008-11-07
08130	08 10 15 18 23 29 30 19	133	10,966,404	0	2008-11-05
08129	06 07 11 13 17 18 24 05	96	11,424,062	0	2008-11-03
08128	02 07 08 09 10 16 30 28	82	12,299,650	0	2008-10-31
08127	03 04 05 10 17 19 22 30	80	11,683,862	0	2008-10-29
08126	01 14 16 17 19 21 26 10	114	14,199,230	937,931	2008-10-27
08125	02 05 10 12 13 18 25 20	85	12,022,138	2,509,764	2008-10-24
08124	02 03 07 10 11 23 26 04	82	10,848,180	0	2008-10-22
08123	04 07 10 11 15 26 27 22	100	11,131,960	0	2008-10-20
08122	06 07 10 11 16 22 27 15	99	11,797,336	0	2008-10-17
08121	02 05 12 13 16 20 29 24	97	10,740,178	0	2008-10-15
08120	05 10 13 16 17 25 28 19	114	11,193,906	0	2008-10-13
08119	06 12 14 15 17 25 27 05	116	11,989,128	0	2008-10-10
08118	01 05 14 23 24 26 27 22	120	12,481,120	817,528	2008-10-08
08117	02 13 15 19 20 21 29 26	119	10,387,712	2,702,342	2008-10-06
08116	11 14 19 20 21 22 27 07	134	10,607,062	0	2008-10-03
08115	02 08 10 18 19 25 26 23	108	9,276,138	0	2008-10-01
08114	01 09 13 17 23 28 29 08	120	10,325,186	0	2008-09-29
08113	02 03 05 06 13 23 26 20	78	11,568,090	0	2008-09-26
08112	03 09 20 24 25 26 28 18	135	9,961,666	0	2008-09-24
08111	06 07 08 09 18 26 30 24	104	10,926,602	0	2008-09-22
08110	04 05 11 12 14 15 23 16	84	11,889,852	0	2008-09-19
08109	02 13 15 18 23 25 30 10	126	10,860,286	0	2008-09-17
08108	06 10 13 18 24 29 30 16	130	10,471,110	0	2008-09-15
08107	03 11 15 16 19 20 26 09	110	11,687,196	0	2008-09-12
08106	01 02 12 17 19 24 28 14	103	10,523,584	0	2008-09-10
08105	02 11 13 19 23 24 26 03	118	11,303,388	0	2008-09-08
08104	04 17 22 23 24 28 29 03	147	11,862,068	0	2008-09-05
08103	07 09 10 12 14 28 29 15	109	10,788,018	0	2008-09-03
08102	01 10 11 18 23 26 30 27	119	11,168,400	0	2008-09-01
08101	01 03 09 12 21 25 29 10	100	12,216,366	0	2008-08-29
08100	12 14 15 18 19 24 26 29	128	10,848,036	0	2008-08-27
08099	03 10 14 19 21 24 25 13	116	13,377,826	0	2008-08-25
08098	02 06 11 13 22 26 28 04	108	12,088,682	3,412,870	2008-08-22
08097	02 13 14 16 21 22 28 08	116	11,846,908	360,710	2008-08-20
08096	09 10 18 25 26 27 28 16	143	10,485,578	2,481,061	2008-08-18
08095	01 05 09 11 20 28 29 22	103	11,127,108	0	2008-08-15
08094	01 03 09 13 18 26 29 28	99	9,891,032	0	2008-08-13
08093	14 16 17 18 20 22 23 09	130	10,514,500	0	2008-08-11
08092	03 06 10 12 17 22 29 16	99	12,144,430	0	2008-08-08
08091	01 06 08 10 11 20 27 24	83	10,171,260	0	2008-08-06
08090	08 10 11 12 16 19 28 15	104	10,735,444	0	2008-08-04
08089	02 03 04 05 19 21 27 11	81	12,118,900	0	2008-08-01
08088	02 04 10 12 14 17 21 22	80	10,704,336	0	2008-07-30
08087	10 11 15 17 25 28 30 24	136	11,369,150	0	2008-07-28
08086	04 07 10 14 16 23 25 21	99	11,937,342	0	2008-07-25
08085	09 11 14 18 19 24 25 30	120	10,370,754	0	2008-07-23
08084	12 15 18 22 23 29 30 27	149	10,844,016	0	2008-07-21
08083	01 16 17 21 23 28 29 30	135	11,761,148	0	2008-07-18
08082	05 10 13 16 17 25 29 28	115	11,094,830	0	2008-07-16
08081	07 10 11 14 20 23 24 25	109	13,209,134	853,714	2008-07-14
08080	01 02 04 09 15 18 29 19	78	11,551,968	2,803,898	2008-07-11
08079	04 08 12 14 23 26 27 05	114	10,241,000	0	2008-07-09
08078	15 19 20 23 24 26 29 16	156	10,720,822	0	2008-07-07
08077	05 10 14 20 24 25 30 03	128	11,152,148	0	2008-07-04
08076	02 15 18 19 21 22 27 17	124	10,626,564	0	2008-07-02
08075	02 08 09 14 15 22 27 24	97	11,574,820	0	2008-06-30
08074	02 05 19 22 24 25 29 06	126	13,665,088	984,685	2008-06-27
08073	04 06 07 08 18 20 29 14	92	10,858,222	2,568,848	2008-06-25
08072	07 08 10 16 17 19 21 04	98	11,235,212	0	2008-06-23
08071	12 14 18 19 23 25 26 22	137	11,965,944	0	2008-06-20
08070	15 18 25 26 28 29 30 17	171	11,137,548	0	2008-06-18
08069	01 02 07 13 22 23 28 04	96	11,673,518	0	2008-06-16
08068	09 10 13 16 17 18 22 30	105	12,154,026	0	2008-06-13
08067	06 09 15 16 18 21 24 07	109	11,359,534	0	2008-06-11
08066	05 06 12 23 24 25 27 14	122	11,393,804	0	2008-06-09
08065	07 13 16 20 22 23 24 29	125	12,286,614	0	2008-06-06
08064	01 16 17 23 25 26 30 15	138	11,220,392	0	2008-06-04
08063	01 09 18 22 24 25 26 10	125	11,547,942	0	2008-06-02
08062	02 14 17 19 25 27 28 26	132	11,876,476	0	2008-05-30
08061	02 11 15 16 17 22 23 27	106	10,831,944	0	2008-05-28
08060	08 09 11 12 18 22 23 06	103	11,518,416	0	2008-05-26
08059	01 14 16 26 28 29 30 20	144	12,256,756	0	2008-05-23
08058	11 12 15 18 20 21 27 03	124	11,567,948	0	2008-05-21
08057	08 12 13 17 21 22 28 25	121	13,895,796	0	2008-05-19
08056	04 15 19 23 27 28 30 01	146	12,459,366	0	2008-05-16
08055	07 08 14 21 26 27 30 15	133	11,693,990	0	2008-05-14
08054	01 02 15 17 21 26 28 09	110	12,744,192	0	2008-05-12
08053	06 09 11 14 18 25 26 08	109	12,888,590	0	2008-05-09
08052	08 16 21 25 26 28 30 05	154	11,900,796	0	2008-05-07
08051	03 07 12 14 15 16 19 02	86	12,350,052	0	2008-05-05
08050	06 11 14 20 21 22 24 23	118	11,598,540	0	2008-05-02
08049	01 04 05 06 14 28 29 21	87	12,015,076	0	2008-04-30
08048	02 04 08 13 14 16 22 24	79	12,843,048	0	2008-04-28
08047	07 08 09 14 16 17 25 02	96	13,696,184	0	2008-04-25
08046	03 05 06 15 18 20 23 21	90	12,459,254	0	2008-04-23
08045	01 02 10 12 18 28 30 15	101	13,072,422	0	2008-04-21
08044	02 05 07 15 17 18 26 09	90	13,990,714	0	2008-04-18
08043	01 04 14 17 24 27 28 09	115	13,406,166	0	2008-04-16
08042	06 09 15 20 21 23 29 03	123	14,916,870	1,715,998	2008-04-14
08041	01 06 07 10 17 18 23 22	82	13,357,076	3,031,180	2008-04-11
08040	05 06 13 20 24 25 30 08	123	12,127,424	0	2008-04-09
08039	04 05 06 11 18 21 28 20	93	13,195,582	0	2008-04-07
08038	02 05 06 22 23 24 29 18	111	14,234,046	0	2008-04-04
08037	03 14 16 21 22 23 27 25	126	12,769,970	3,449,579	2008-04-02
08036	03 06 07 10 17 22 26 13	91	14,899,496	0	2008-03-31
08035	08 11 14 15 26 28 30 05	132	13,653,374	3,105,776	2008-03-28
08034	03 06 09 12 15 22 27 05	94	14,870,828	0	2008-03-26
08033	04 05 09 18 20 24 30 12	110	13,303,110	4,519,964	2008-03-24
08032	02 04 08 10 12 28 29 16	93	14,619,652	1,701,573	2008-03-21
08031	02 04 07 08 17 22 26 23	86	11,968,596	3,095,107	2008-03-19
08030	04 08 11 12 22 25 26 05	108	12,705,974	0	2008-03-17
08029	03 06 09 11 23 28 30 08	110	13,124,866	0	2008-03-14
08028	07 12 13 15 17 22 25 21	111	12,231,780	0	2008-03-12
08027	06 07 08 12 18 22 28 17	101	12,679,542	0	2008-03-10
08026	05 07 21 23 24 25 27 10	132	12,931,230	0	2008-03-07
08025	03 06 09 10 12 15 30 29	85	12,110,876	0	2008-03-05
08024	02 04 10 14 18 20 28 25	96	12,191,184	0	2008-03-03
08023	01 02 03 07 13 29 30 08	85	12,809,582	0	2008-02-29
08022	02 04 16 20 22 24 25 27	113	11,611,458	0	2008-02-27
08021	01 11 12 13 14 25 27 18	103	12,240,784	0	2008-02-25
08020	05 10 13 20 26 27 28 19	129	12,465,088	0	2008-02-22
08019	01 05 06 13 14 21 22 16	82	11,938,304	0	2008-02-20
08018	02 04 08 16 21 24 29 30	104	12,392,654	0	2008-02-18
08017	06 10 14 17 18 24 25 21	114	11,973,216	0	2008-02-15
08016	03 09 12 15 20 21 28 24	108	10,159,548	0	2008-02-13
08015	01 06 08 12 16 17 18 10	78	12,404,502	0	2008-02-04
08014	06 09 14 20 23 24 25 15	121	12,943,630	0	2008-02-01
08013	11 15 16 20 25 27 29 28	143	12,512,508	0	2008-01-30
08012	01 06 07 08 19 22 28 23	91	13,107,784	0	2008-01-28
08011	03 09 17 20 24 26 27 15	126	13,431,462	0	2008-01-25
08010	01 02 11 14 21 23 27 17	99	12,627,870	0	2008-01-23
08009	03 06 10 20 22 24 28 30	113	13,107,000	0	2008-01-21
08008	01 05 06 14 20 23 28 12	97	14,242,180	0	2008-01-18
08007	02 05 10 11 17 18 20 25	83	13,356,012	0	2008-01-16
08006	03 12 14 18 20 28 29 19	124	14,573,418	2,347,264	2008-01-14
08005	01 06 09 12 13 14 30 23	85	14,073,812	3,830,594	2008-01-11
08004	01 06 12 15 23 25 28 08	110	12,806,404	0	2008-01-09
08003	06 07 08 12 22 28 29 04	112	13,873,894	0	2008-01-07
08002	06 16 17 18 19 24 25 10	125	14,045,586	0	2008-01-04
08001	02 04 05 07 12 14 16 01	60	12,478,116	0	2008-01-02
07153	02 08 13 20 27 29 30 19	129	13,538,938	0	2007-12-31
07152	07 10 15 18 22 23 24 20	119	14,889,794	0	2007-12-28
07151	05 08 11 19 24 26 28 12	121	14,651,520	0	2007-12-26
07150	09 11 13 15 21 23 24 04	116	15,684,720	2,223,379	2007-12-24
07149	02 13 15 16 19 23 26 27	114	14,201,198	3,451,375	2007-12-21
07148	01 02 05 13 18 22 27 29	88	13,840,238	0	2007-12-19
07147	02 07 09 10 16 20 28 13	92	13,721,324	0	2007-12-17
07146	07 10 12 20 22 27 29 30	127	14,259,880	0	2007-12-14
07145	01 03 11 12 15 18 21 24	81	13,292,338	0	2007-12-12
07144	04 05 07 14 16 24 26 30	96	13,837,024	0	2007-12-10
07143	05 10 15 16 18 21 27 17	112	18,922,800	0	2007-12-07
07142	01 04 06 08 14 16 20 25	69	14,221,984	7,078,251	2007-12-05
07141	01 07 12 14 21 22 24 02	101	13,208,082	3,467,065	2007-12-03
07140	01 07 12 19 20 23 28 08	110	14,094,584	0	2007-11-30
07139	06 11 14 16 19 28 30 03	124	14,014,954	0	2007-11-28
07138	01 12 13 16 17 18 28 20	105	12,999,852	3,323,549	2007-11-26
07137	03 08 13 14 17 19 26 23	100	13,392,186	0	2007-11-23
07136	01 13 14 17 22 25 27 21	119	12,090,364	0	2007-11-21
07135	05 09 10 16 17 24 27 02	108	12,621,104	0	2007-11-19
07134	01 05 09 15 24 25 29 21	108	13,349,450	0	2007-11-16
07133	09 15 20 21 22 24 29 23	140	12,778,900	0	2007-11-14
07132	06 09 10 11 19 21 30 12	106	13,151,006	0	2007-11-12
07131	02 04 06 10 13 20 26 22	81	13,793,184	0	2007-11-09
07130	06 08 14 18 19 24 28 04	117	21,029,382	0	2007-11-07
07129	02 10 18 23 28 29 30 12	140	17,579,564	10,443,755	2007-11-05
07128	03 04 15 18 22 23 28 21	113	14,386,334	6,099,278	2007-11-02
07127	05 08 17 19 23 24 28 09	124	11,665,156	2,746,888	2007-10-31
07126	04 05 07 09 10 17 27 11	79	12,255,020	0	2007-10-29
07125	05 11 13 21 23 27 29 06	129	12,559,462	0	2007-10-26
07124	01 04 18 19 21 28 29 17	120	11,957,214	0	2007-10-24
07123	01 20 21 25 27 28 29 05	151	12,484,266	0	2007-10-22
07122	11 16 17 19 21 22 25 23	131	13,644,292	0	2007-10-19
07121	02 07 11 18 22 24 27 01	111	12,432,708	0	2007-10-17
07120	02 05 07 11 22 23 26 08	96	12,961,900	0	2007-10-15
07119	05 08 15 21 22 25 26 10	122	15,070,420	0	2007-10-12
07118	02 04 09 19 20 22 29 12	105	11,982,604	2,783,396	2007-10-10
07117	02 07 09 11 17 20 21 16	87	11,959,784	0	2007-10-08
07116	06 08 14 18 26 29 30 05	131	11,646,164	0	2007-10-05
07115	01 05 18 19 20 23 27 07	113	10,457,472	0	2007-10-03
07114	05 06 16 20 25 27 30 28	129	11,371,400	0	2007-10-01
07113	05 08 10 13 24 25 29 11	114	13,185,386	0	2007-09-28
07112	02 11 13 17 20 27 28 03	118	11,646,752	0	2007-09-26
07111	11 12 16 18 23 29 30 28	139	12,428,036	0	2007-09-24
07110	01 10 13 16 18 20 30 24	108	13,082,452	0	2007-09-21
07109	02 03 07 12 23 27 28 21	102	11,905,910	0	2007-09-19
07108	06 08 17 20 23 24 25 18	123	13,069,054	0	2007-09-17
07107	08 09 10 14 15 17 22 29	95	13,236,322	0	2007-09-14
07106	02 07 12 18 22 24 26 05	111	12,089,060	0	2007-09-12
07105	02 09 15 21 26 27 30 13	130	13,076,092	0	2007-09-10
07104	05 11 14 17 18 23 30 09	118	13,512,234	0	2007-09-07
07103	06 07 09 16 18 21 23 08	100	12,418,430	0	2007-09-05
07102	04 06 10 14 15 22 26 20	97	12,900,392	0	2007-09-03
07101	03 04 06 07 10 12 21 09	63	13,068,392	0	2007-08-31
07100	09 10 14 15 19 24 27 08	118	11,868,560	0	2007-08-29
07099	05 06 16 17 18 21 26 23	109	13,641,454	0	2007-08-27
07098	01 13 18 19 24 26 28 30	129	12,611,502	2,899,281	2007-08-24
07097	03 04 05 07 20 23 25 16	87	12,063,064	0	2007-08-22
07096	04 07 08 09 12 14 30 25	84	16,515,854	0	2007-08-20
07095	02 14 15 22 24 26 27 18	130	13,836,280	6,763,672	2007-08-17
07094	02 04 09 10 12 13 15 07	65	11,410,586	3,074,905	2007-08-15
07093	09 10 15 18 19 22 23 30	116	11,936,712	0	2007-08-13
07092	09 10 11 12 14 15 18 16	89	12,779,354	0	2007-08-10
07091	08 09 13 15 19 25 28 11	117	11,838,016	0	2007-08-08
07090	05 10 12 19 21 24 29 01	120	12,436,106	0	2007-08-06
07089	01 13 20 23 25 26 29 15	137	12,907,662	0	2007-08-03
07088	03 04 05 10 13 26 28 27	89	12,120,432	0	2007-08-01
07087	01 03 10 21 25 27 29 19	116	12,630,148	0	2007-07-30
07086	05 06 07 11 23 25 27 20	104	12,969,526	0	2007-07-27
07085	02 07 20 22 23 25 30 15	129	13,969,474	0	2007-07-25
07084	03 04 05 08 11 12 26 07	69	13,491,956	2,989,677	2007-07-23
07083	04 05 07 11 14 21 25 18	87	13,216,316	0	2007-07-20
07082	02 11 13 14 16 21 27 09	104	12,059,308	0	2007-07-18
07081	06 07 08 11 13 15 23 09	83	12,966,684	0	2007-07-16
07080	01 04 08 09 12 15 16 18	65	13,653,746	0	2007-07-13
07079	04 08 10 21 23 25 26 07	117	12,532,634	0	2007-07-11
07078	01 03 07 14 18 21 24 17	88	13,349,706	0	2007-07-09
07077	01 02 09 13 17 18 28 30	88	13,436,986	0	2007-07-06
07076	04 08 14 19 20 25 29 15	119	14,170,196	0	2007-07-04
07075	01 06 19 21 24 25 27 04	123	13,453,636	3,636,455	2007-07-02
07074	01 02 09 16 17 24 27 08	96	13,843,508	0	2007-06-29
07073	04 06 07 11 18 24 26 03	96	12,555,850	0	2007-06-27
07072	01 03 05 24 26 27 28 30	114	13,793,218	0	2007-06-25
07071	07 09 13 20 21 28 29 06	127	14,448,616	0	2007-06-22
07070	01 07 09 10 11 17 24 02	79	13,706,706	0	2007-06-20
07069	09 10 11 16 24 25 27 30	122	14,758,508	0	2007-06-18
07068	03 05 12 19 22 23 28 26	112	14,833,908	0	2007-06-15
07067	03 06 08 10 11 13 17 16	68	14,366,034	0	2007-06-13
07066	02 05 15 24 27 28 29 20	130	15,243,896	0	2007-06-11
07065	04 09 17 18 20 21 24 02	113	15,589,760	0	2007-06-08
07064	02 03 07 09 11 12 24 05	68	16,507,638	0	2007-06-06
07063	04 16 17 20 23 25 29 11	134	15,291,030	3,739,837	2007-06-04
07062	06 07 08 15 17 22 25 16	100	15,307,914	0	2007-06-01
07061	12 14 17 19 22 25 28 13	137	14,646,488	0	2007-05-30
07060	09 21 22 23 25 29 30 15	159	16,258,182	0	2007-05-28
07059	06 07 08 14 16 18 23 02	92	16,583,008	0	2007-05-25
07058	01 04 06 08 14 22 25 16	80	16,028,454	0	2007-05-23
07057	07 08 09 10 13 21 28 23	96	17,016,510	0	2007-05-21
07056	01 05 08 10 21 26 27 24	98	17,040,826	0	2007-05-18
07055	01 02 09 10 15 20 28 30	85	17,023,652	0	2007-05-16
07054	06 08 09 12 13 14 22 24	84	18,003,972	0	2007-05-14
07053	02 05 07 12 13 25 28 10	92	17,962,824	0	2007-05-11
07052	02 04 07 08 11 16 18 26	66	17,480,636	0	2007-05-09
07051	01 07 10 15 18 26 29 14	106	17,428,116	0	2007-05-07
07050	04 11 19 21 26 29 30 18	140	16,406,092	0	2007-05-04
07049	05 06 08 11 16 18 21 29	85	15,983,932	0	2007-05-02
07048	11 15 17 18 20 22 28 08	131	18,662,048	0	2007-04-30
07047	01 05 06 10 18 21 23 25	84	19,770,856	0	2007-04-27
07046	04 07 15 17 19 25 29 14	116	19,464,394	0	2007-04-25
07045	09 15 18 19 21 25 28 01	135	22,429,074	0	2007-04-23
07044	01 04 05 22 23 27 29 17	111	19,502,658	4,763,148	2007-04-20
07043	03 05 06 09 11 23 27 13	84	19,704,708	0	2007-04-18
07042	06 08 12 15 23 25 27 18	116	21,111,156	0	2007-04-16
07041	04 09 10 11 20 21 26 17	101	20,560,784	0	2007-04-13
07040	01 06 07 08 12 19 24 28	77	22,771,568	0	2007-04-11
07039	11 13 15 18 19 22 29 27	127	24,770,292	7,174,281	2007-04-09
07038	01 09 15 21 24 25 29 13	124	20,345,484	5,369,229	2007-04-06
07037	06 09 11 12 13 16 27 29	94	19,411,012	0	2007-04-04
07036	03 08 10 14 15 17 22 29	89	20,787,836	0	2007-04-02
07035	03 07 14 15 17 26 27 10	109	20,424,862	0	2007-03-30
07034	01 13 15 17 25 28 30 22	129	20,290,700	0	2007-03-28
07033	04 11 15 17 18 20 27 28	112	20,593,684	0	2007-03-26
07032	13 15 19 20 21 26 27 02	141	20,428,280	0	2007-03-23
07031	05 06 14 16 24 25 30 20	120	19,959,230	0	2007-03-21
07030	02 03 11 13 15 24 28 21	96	20,273,674	0	2007-03-19
07029	01 06 19 20 22 23 29 13	120	19,310,668	0	2007-03-16
07028	02 06 07 20 24 27 30 01	116	19,283,286	0	2007-03-14
07027	08 09 17 18 19 24 25 29	120	20,416,204	0	2007-03-12
07026	01 06 10 13 22 26 29 17	107	19,748,574	0	2007-03-09
07025	09 11 14 16 17 21 30 04	118	19,137,254	0	2007-03-07
07024	01 04 09 16 18 20 26 23	94	17,934,654	0	2007-03-05
07023	05 07 16 17 19 20 24 01	108	19,426,064	0	2007-03-02
07022	01 03 11 13 17 21 24 09	90	18,034,776	0	2007-02-28
07021	01 02 03 12 15 22 24 23	79	18,565,554	0	2007-02-26
07020	01 02 04 05 12 15 16 23	55	21,948,602	0	2007-02-16
07019	04 07 10 11 17 22 30 24	101	20,557,352	0	2007-02-14
07018	03 10 11 19 20 26 27 17	116	22,960,294	0	2007-02-12
07017	03 04 05 07 13 22 25 27	79	22,055,100	0	2007-02-09
07016	03 09 15 19 21 22 28 07	117	21,310,318	0	2007-02-07
07015	01 02 05 11 14 16 21 23	70	22,984,664	0	2007-02-05
07014	02 04 09 10 18 25 26 15	94	22,440,710	0	2007-02-02
07013	04 08 12 16 20 24 28 19	112	23,091,552	0	2007-01-31
07012	12 14 17 21 22 29 30 19	145	24,543,086	0	2007-01-29
07011	11 16 17 20 21 27 28 30	140	23,862,070	0	2007-01-26
07010	04 05 18 22 25 26 28 19	128	23,973,120	0	2007-01-24
07009	01 04 12 19 22 23 25 21	106	25,592,376	0	2007-01-22
07008	03 06 19 23 25 26 30 04	132	26,070,812	0	2007-01-19
07007	02 03 11 15 19 24 28 12	102	24,874,786	1,500,000	2007-01-17
07006	01 04 12 14 22 25 26 18	104	24,903,850	4,200,601	2007-01-15
07005	01 03 08 18 25 27 29 13	111	23,169,600	1,500,000	2007-01-12
07004	01 02 03 04 08 23 28 15	69	23,045,036	1,500,000	2007-01-10
07003	06 08 10 21 25 28 29 11	127	24,283,926	1,500,000	2007-01-08
07002	01 02 06 11 14 19 27 24	80	21,050,720	2,750,502	2007-01-05
07001	04 14 19 22 26 29 30 11	144	27,194,370	1,500,000	2007-01-03